1784275188840 2.4678847789764404 0
1784275188857 2.6056110858917236 1
1784275188869 2.2541303634643555 2
1784275188882 2.2019410133361816 3
1784275188894 2.222970485687256 4
1784275188908 2.3113670349121094 5
1784275188920 2.27255916595459 6
1784275188933 2.0820729732513428 7
1784275188947 1.8764607906341553 8
1784275188961 1.9795576333999634 9
1784275188975 1.8452963829040527 10
1784275188990 1.7123113870620728 11
1784275189003 1.8495408296585083 12
1784275189015 1.7204290628433228 13
1784275189027 1.7441478967666626 14
1784275189040 1.6514519453048706 15
1784275189052 1.5248475074768066 16
1784275189064 1.6618210077285767 17
1784275189076 1.4914677143096924 18
1784275189086 1.674325942993164 19
1784275189099 1.3610213994979858 20
1784275189121 1.5012438297271729 21
1784275189132 1.5004762411117554 22
1784275189146 1.145986795425415 23
1784275189160 1.0910933017730713 24
1784275189194 1.0724492073059082 25
1784275189235 1.3449550867080688 26
1784275189252 1.247479796409607 27
1784275189266 1.1294440031051636 28
1784275189278 1.015779972076416 29
1784275189289 1.2796157598495483 30
1784275189301 1.5409208536148071 31
1784275189313 1.2229739427566528 32
1784275189325 1.043148159980774 33
1784275189335 1.1469426155090332 34
1784275189347 0.9527881741523743 35
1784275189358 1.1800340414047241 36
1784275189369 1.0884487628936768 37
1784275189379 1.0381442308425903 38
1784275189390 1.1909990310668945 39
1784275189400 1.040764570236206 40
1784275189411 1.0521478652954102 41
1784275189422 0.990470290184021 42
1784275189433 1.0395128726959229 43
1784275189444 1.199708104133606 44
1784275189453 1.2210347652435303 45
1784275189464 0.7927637100219727 46
1784275189474 0.9019657373428345 47
1784275189485 1.033695101737976 48
1784275189496 0.8953077793121338 49
1784275189507 1.2011644840240479 50
1784275189517 1.3408164978027344 51
1784275189528 0.5897687077522278 52
1784275189538 0.6908484101295471 53
1784275189551 0.9603701829910278 54
1784275189563 0.8166786432266235 55
1784275189576 0.8463167548179626 56
1784275189587 0.7195146083831787 57
1784275189599 0.9659393429756165 58
1784275189613 0.9949426054954529 59
1784275189625 0.7353581190109253 60
1784275189636 0.9404099583625793 61
1784275189649 0.8128179907798767 62
1784275189660 0.9771715402603149 63
1784275189671 0.5972901582717896 64
1784275189682 0.7767173647880554 65
1784275189694 0.8080226182937622 66
1784275189705 0.9133013486862183 67
1784275189717 0.9762222766876221 68
1784275189729 0.8250861763954163 69
1784275189744 0.5355440974235535 70
1784275189755 0.5567811727523804 71
1784275189766 0.7070083022117615 72
1784275189777 0.762787401676178 73
1784275189787 1.0575470924377441 74
1784275189798 0.8240734934806824 75
1784275189810 0.7972447276115417 76
1784275189821 0.6594433784484863 77
1784275189833 0.7579841613769531 78
1784275189845 1.0039926767349243 79
1784275189856 0.7823066711425781 80
1784275189866 0.8446727395057678 81
1784275189877 0.8215298056602478 82
1784275189887 0.690423309803009 83
1784275189898 0.5594815611839294 84
1784275189909 0.6614987850189209 85
1784275189919 0.5985628366470337 86
1784275189931 0.7313588261604309 87
1784275189943 0.6060934066772461 88
1784275189953 0.7552453279495239 89
1784275189964 0.6619535088539124 90
1784275189974 0.672271192073822 91
1784275189984 0.7570090293884277 92
1784275189994 0.9125469923019409 93
1784275190004 0.6637056469917297 94
1784275190016 0.6360623836517334 95
1784275190027 1.0003162622451782 96
1784275190036 0.5492905974388123 97
1784275190047 0.6518890857696533 98
1784275190057 0.6627899408340454 99
1784275190068 0.7009158730506897 100
1784275190079 0.47635015845298767 101
1784275190089 0.6290633082389832 102
1784275190100 0.4968462288379669 103
1784275190111 0.6888648867607117 104
1784275190120 0.7648550868034363 105
1784275190130 0.6670198440551758 106
1784275190140 0.714867115020752 107
1784275190151 0.6108936667442322 108
1784275190161 0.779258131980896 109
1784275190172 0.675006628036499 110
1784275190183 0.5405765771865845 111
1784275190194 0.41349413990974426 112
1784275190203 0.7004643678665161 113
1784275190214 0.8169182538986206 114
1784275190225 0.4283759295940399 115
1784275190235 0.716038167476654 116
1784275190246 0.7106491923332214 117
1784275190256 0.8252165913581848 118
1784275190266 0.5766955018043518 119
1784275190277 0.6414700150489807 120
1784275190287 0.6491691470146179 121
1784275190298 0.6773258447647095 122
1784275190309 0.5666029453277588 123
1784275190319 0.5100834965705872 124
1784275190330 0.45935049653053284 125
1784275190341 0.5684173703193665 126
1784275190350 0.5237853527069092 127
1784275190363 0.6413686275482178 128
1784275190373 0.6482635140419006 129
1784275190382 0.5956780910491943 130
1784275190394 0.8031237721443176 131
1784275190404 0.30291181802749634 132
1784275190414 0.6680323481559753 133
1784275190425 0.5030417442321777 134
1784275190434 0.4150576591491699 135
1784275190444 0.6664783954620361 136
1784275190454 0.6415198445320129 137
1784275190466 0.48160895705223083 138
1784275190476 0.6642743945121765 139
1784275190487 0.44364988803863525 140
1784275190498 0.5183505415916443 141
1784275190509 0.4557724893093109 142
1784275190520 0.5694897174835205 143
1784275190540 0.4809591472148895 144
1784275190550 0.5242478847503662 145
1784275190560 0.5846297740936279 146
1784275190569 0.7193205952644348 147
1784275190579 0.7014748454093933 148
1784275190589 0.5492611527442932 149
1784275190600 0.5716785788536072 150
1784275190611 0.5658795833587646 151
1784275190622 0.7929739952087402 152
1784275190632 0.743098258972168 153
1784275190642 0.5103302597999573 154
1784275190652 0.5895388722419739 155
1784275190663 0.6257271766662598 156
1784275190674 0.5723288059234619 157
1784275190684 0.7156837582588196 158
1784275190695 0.555347204208374 159
1784275190707 0.3775425851345062 160
1784275190718 0.5858736634254456 161
1784275190728 0.35580286383628845 162
1784275190739 0.4712243676185608 163
1784275190749 0.44035834074020386 164
1784275190759 0.501065731048584 165
1784275190768 0.32181814312934875 166
1784275190780 0.7294763922691345 167
1784275190791 0.6916786432266235 168
1784275190801 0.3874416649341583 169
1784275190812 0.5958840250968933 170
1784275190822 0.7351853251457214 171
1784275190833 0.45984771847724915 172
1784275190844 0.3904947340488434 173
1784275190853 0.7422583699226379 174
1784275190864 0.6363722681999207 175
1784275190874 0.8546046614646912 176
1784275190884 0.265786349773407 177
1784275190894 0.5163048505783081 178
1784275190905 0.40590137243270874 179
1784275190916 0.6134608387947083 180
1784275190927 0.6044902205467224 181
1784275190937 0.7235423922538757 182
1784275190947 0.5948108434677124 183
1784275190957 0.5798501968383789 184
1784275190968 0.6041218638420105 185
1784275190979 0.715101957321167 186
1784275190989 0.5399744510650635 187
1784275191000 0.5577079653739929 188
1784275191011 0.5929338335990906 189
1784275191023 0.6968948841094971 190
1784275191035 0.42912790179252625 191
1784275191048 0.812135636806488 192
1784275191059 0.6290550827980042 193
1784275191070 0.536091685295105 194
1784275191082 0.3625517785549164 195
1784275191094 0.49321964383125305 196
1784275191107 0.5536327958106995 197
1784275191117 0.4100402891635895 198
1784275191131 0.466866672039032 199
1784275191142 0.3700450658798218 200
1784275191154 0.5848060846328735 201
1784275191168 0.5115842223167419 202
1784275191182 0.40653038024902344 203
1784275191194 0.41301316022872925 204
1784275191204 0.3583551347255707 205
1784275191216 0.47877728939056396 206
1784275191228 0.498839795589447 207
1784275191240 0.6496589779853821 208
1784275191252 0.6113462448120117 209
1784275191264 0.5385180711746216 210
1784275191277 0.4311923086643219 211
1784275191289 0.3991198241710663 212
1784275191301 0.2673274874687195 213
1784275191313 0.5586430430412292 214
1784275191325 0.6000335812568665 215
1784275191336 0.41767266392707825 216
1784275191349 0.5994782447814941 217
1784275191360 0.5808037519454956 218
1784275191373 0.4853213429450989 219
1784275191385 0.3866436779499054 220
1784275191398 0.3995567560195923 221
1784275191410 0.5961755514144897 222
1784275191422 0.30889198184013367 223
1784275191433 0.5451971888542175 224
1784275191445 0.5022595524787903 225
1784275191457 0.6194226145744324 226
1784275191468 0.35992127656936646 227
1784275191480 0.4746203124523163 228
1784275191491 0.3986058831214905 229
1784275191501 0.28999313712120056 230
1784275191511 0.3527691662311554 231
1784275191520 0.6155908703804016 232
1784275191532 0.3594595193862915 233
1784275191544 0.47726133465766907 234
1784275191555 0.30405065417289734 235
1784275191566 0.655580461025238 236
1784275191577 0.6023085713386536 237
1784275191586 0.6801148653030396 238
1784275191598 0.49137866497039795 239
1784275191609 0.36722564697265625 240
1784275191618 0.41884729266166687 241
1784275191627 0.41714707016944885 242
1784275191636 0.3937780261039734 243
1784275191645 0.44984912872314453 244
1784275191658 0.45430663228034973 245
1784275191668 0.4395909905433655 246
1784275191680 0.4013128876686096 247
1784275191692 0.5183756947517395 248
1784275191703 0.5689606070518494 249
1784275191715 0.5859037041664124 250
1784275191727 0.652494490146637 251
1784275191740 0.3917985260486603 252
1784275191752 0.28029313683509827 253
1784275191767 0.4988017678260803 254
1784275191782 0.5532137751579285 255
1784275191795 0.7762324810028076 256
1784275191806 0.5248138308525085 257
1784275191818 0.5500051975250244 258
1784275191833 0.21595722436904907 259
1784275191846 0.7257105708122253 260
1784275191856 0.6229069232940674 261
1784275191868 0.4021310806274414 262
1784275191880 0.49990254640579224 263
1784275191893 0.3885815441608429 264
1784275191902 0.48502057790756226 265
1784275191912 0.6982051730155945 266
1784275191921 0.5251724123954773 267
1784275191932 0.6725627183914185 268
1784275191942 0.17426341772079468 269
1784275191953 0.6341428756713867 270
1784275191965 0.7701963782310486 271
1784275191978 0.5443512201309204 272
1784275191988 0.5312520861625671 273
1784275192000 0.7559124231338501 274
1784275192012 0.4051438570022583 275
1784275192025 0.4951164722442627 276
1784275192036 0.47339358925819397 277
1784275192048 0.4087272882461548 278
1784275192059 0.5686297416687012 279
1784275192070 0.18891721963882446 280
1784275192081 0.40322110056877136 281
1784275192093 0.41189414262771606 282
1784275192103 0.5085575580596924 283
1784275192114 0.42946842312812805 284
1784275192124 0.5544354319572449 285
1784275192135 0.39571741223335266 286
1784275192146 0.38435783982276917 287
1784275192158 0.3471094071865082 288
1784275192168 0.32212427258491516 289
1784275192181 0.3097432553768158 290
1784275192192 0.7796182036399841 291
1784275192203 0.47024860978126526 292
1784275192216 0.41028934717178345 293
1784275192228 0.7426018118858337 294
1784275192238 0.48902183771133423 295
1784275192248 0.8103088140487671 296
1784275192259 0.9392791986465454 297
1784275192269 0.39585137367248535 298
1784275192284 0.43109482526779175 299
1784275192296 0.2892599403858185 300
1784275192307 0.17344725131988525 301
1784275192319 0.5334160327911377 302
1784275192331 0.3053746521472931 303
1784275192342 0.39627066254615784 304
1784275192352 0.5987126231193542 305
1784275192363 0.3370066285133362 306
1784275192373 0.41639530658721924 307
1784275192383 0.292967289686203 308
1784275192396 0.3792325258255005 309
1784275192408 0.4665164649486542 310
1784275192419 0.5599232316017151 311
1784275192432 0.3537229597568512 312
1784275192444 0.3985980153083801 313
1784275192456 0.3298754394054413 314
1784275192467 0.3262643814086914 315
1784275192478 0.5732507109642029 316
1784275192488 0.4133584797382355 317
1784275192498 0.3021426200866699 318
1784275192509 0.4416837692260742 319
1784275192518 0.7492259740829468 320
1784275192529 0.42107588052749634 321
1784275192540 0.31898826360702515 322
1784275192549 0.3964279890060425 323
1784275192559 0.5781635642051697 324
1784275192570 0.2264067679643631 325
1784275192579 0.4136395752429962 326
1784275192591 0.44161471724510193 327
1784275192603 0.2960403859615326 328
1784275192614 0.4156663715839386 329
1784275192625 0.2969089150428772 330
1784275192636 0.35927072167396545 331
1784275192646 0.5575807094573975 332
1784275192656 0.4042292833328247 333
1784275192667 0.42505306005477905 334
1784275192679 0.42151162028312683 335
1784275192691 0.3427773118019104 336
1784275192702 0.5012032985687256 337
1784275192716 0.39914122223854065 338
1784275192727 0.6117697954177856 339
1784275192739 0.52971351146698 340
1784275192750 0.4308052361011505 341
1784275192761 0.6074959635734558 342
1784275192773 0.4349633753299713 343
1784275192788 0.46313124895095825 344
1784275192800 0.42720386385917664 345
1784275192813 0.5609533190727234 346
1784275192825 0.3369198143482208 347
1784275192836 0.17411483824253082 348
1784275192846 0.5283399224281311 349
1784275192856 0.5712471008300781 350
1784275192867 0.4917556345462799 351
1784275192877 0.49388808012008667 352
1784275192889 0.3036365509033203 353
1784275192900 0.4073135256767273 354
1784275192912 0.3102232813835144 355
1784275192922 0.23795638978481293 356
1784275192932 0.42732641100883484 357
1784275192942 0.6521079540252686 358
1784275192952 0.25920623540878296 359
1784275192963 0.30203568935394287 360
1784275192974 0.32316499948501587 361
1784275192986 0.32009512186050415 362
1784275192998 0.44409725069999695 363
1784275193010 0.16751247644424438 364
1784275193022 0.5657632946968079 365
1784275193032 0.3723181188106537 366
1784275193041 0.4256660044193268 367
1784275193052 0.43581587076187134 368
1784275193062 0.509614109992981 369
1784275193075 0.2973763942718506 370
1784275193086 0.29542970657348633 371
1784275193096 0.5201617479324341 372
1784275193109 0.39157646894454956 373
1784275193119 0.27405035495758057 374
1784275193131 0.436580091714859 375
1784275193143 0.5431225299835205 376
1784275193155 0.1708223521709442 377
1784275193166 0.5421122908592224 378
1784275193178 0.30130428075790405 379
1784275193190 0.4439699649810791 380
1784275193202 0.43264350295066833 381
1784275193217 0.3592149615287781 382
1784275193230 0.5985110998153687 383
1784275193243 0.4963911175727844 384
1784275193257 0.3928423523902893 385
1784275193269 0.3783476948738098 386
1784275193283 0.5626731514930725 387
1784275193297 0.7403798699378967 388
1784275193309 0.5197577476501465 389
1784275193322 0.23334018886089325 390
1784275193335 0.3244226574897766 391
1784275193348 0.600283682346344 392
1784275193362 0.39159122109413147 393
1784275193377 0.3131554126739502 394
1784275193390 0.5121241211891174 395
1784275193402 0.43736982345581055 396
1784275193414 0.3051764667034149 397
1784275193427 0.445591002702713 398
1784275193439 0.15252985060214996 399
1784275193451 0.26344799995422363 400
1784275193464 0.4446575939655304 401
1784275193477 0.3928775489330292 402
1784275193492 0.37672072649002075 403
1784275193504 0.3915131688117981 404
1784275193516 0.31246092915534973 405
1784275193528 0.33976319432258606 406
1784275193539 0.3864733874797821 407
1784275193551 0.4942157566547394 408
1784275193565 0.36238086223602295 409
1784275193577 0.45618805289268494 410
1784275193589 0.39585015177726746 411
1784275193603 1.198155403137207 412
1784275193616 0.9169738292694092 413
1784275193627 0.40925857424736023 414
1784275193639 0.5949667692184448 415
1784275193651 0.4503267705440521 416
1784275193667 0.693985641002655 417
1784275193680 0.26315391063690186 418
1784275193692 0.6806741952896118 419
1784275193706 0.309221088886261 420
1784275193716 0.7110261917114258 421
1784275193728 0.38648489117622375 422
1784275193740 0.39851897954940796 423
1784275193753 0.3109894096851349 424
1784275193765 0.534606397151947 425
1784275193777 0.2175973355770111 426
1784275193788 0.439097136259079 427
1784275193800 0.15036951005458832 428
1784275193813 0.38462531566619873 429
1784275193825 0.7300764918327332 430
1784275193836 0.5071341395378113 431
1784275193849 0.3498185873031616 432
1784275193863 0.4017980992794037 433
1784275193875 0.4113278388977051 434
1784275193889 0.37920260429382324 435
1784275193899 0.5850245952606201 436
1784275193910 0.46093568205833435 437
1784275193923 0.46956202387809753 438
1784275193935 0.3535202145576477 439
1784275193947 0.49649733304977417 440
1784275193960 0.22350795567035675 441
1784275193975 0.6188908815383911 442
1784275193989 0.47114837169647217 443
1784275194005 0.44070449471473694 444
1784275194019 0.23035043478012085 445
1784275194032 0.2954241931438446 446
1784275194046 0.5974751114845276 447
1784275194060 0.6064716577529907 448
1784275194073 0.4184141755104065 449
1784275194086 0.3512023985385895 450
1784275194099 0.34175771474838257 451
1784275194113 0.4129868447780609 452
1784275194124 0.2081446647644043 453
1784275194136 0.40058785676956177 454
1784275194149 0.24238170683383942 455
1784275194162 0.4581889510154724 456
1784275194176 0.22748440504074097 457
1784275194188 0.3303053081035614 458
1784275194200 0.41699498891830444 459
1784275194213 0.3550493121147156 460
1784275194227 0.4499419629573822 461
1784275194238 0.38027864694595337 462
1784275194251 0.6031811833381653 463
1784275194263 0.521145761013031 464
1784275194276 0.44494593143463135 465
1784275194289 0.49485331773757935 466
1784275194301 0.3630739748477936 467
1784275194313 0.3084902763366699 468
1784275194326 0.4182435870170593 469
1784275194336 0.34537264704704285 470
1784275194348 0.6725542545318604 471
1784275194361 0.2536069452762604 472
1784275194372 0.10461205244064331 473
1784275194385 0.5690770745277405 474
1784275194397 0.37867826223373413 475
1784275194410 0.29690316319465637 476
1784275194422 0.5145317316055298 477
1784275194435 0.3840368986129761 478
1784275194447 0.5286125540733337 479
1784275194460 0.308074951171875 480
1784275194473 0.30470210313796997 481
1784275194485 0.24064619839191437 482
1784275194498 0.20273923873901367 483
1784275194511 0.40041062235832214 484
1784275194524 0.5279277563095093 485
1784275194536 0.5069518089294434 486
1784275194547 0.35334068536758423 487
1784275194559 0.4698150157928467 488
1784275194570 0.4036182463169098 489
1784275194581 0.3462904989719391 490
1784275194595 0.4858918786048889 491
1784275194609 0.5125270485877991 492
1784275194620 0.37945225834846497 493
1784275194633 0.44153761863708496 494
1784275194646 0.3094879388809204 495
1784275194658 0.42078453302383423 496
1784275194672 0.6551053524017334 497
1784275194685 0.1905554085969925 498
1784275194696 0.39068928360939026 499
1784275194708 0.5415292382240295 500
1784275194720 0.5298373103141785 501
1784275194732 0.41118699312210083 502
1784275194744 0.2990785837173462 503
1784275194755 0.26349878311157227 504
1784275194769 0.2666971683502197 505
1784275194782 0.3744524121284485 506
1784275194794 0.3901806175708771 507
1784275194807 0.418227881193161 508
1784275194820 0.24404224753379822 509
1784275194834 0.27106088399887085 510
1784275194847 0.3410033583641052 511
1784275194860 0.6476746201515198 512
1784275194870 0.20220400393009186 513
1784275194882 0.5460354685783386 514
1784275194895 0.5143260359764099 515
1784275194906 0.45201465487480164 516
1784275194922 0.28327125310897827 517
1784275194935 0.3161623775959015 518
1784275194948 0.2058209925889969 519
1784275194961 0.37046200037002563 520
1784275194975 0.5765044093132019 521
1784275194989 0.4227020740509033 522
1784275195002 0.5409688949584961 523
1784275195015 0.3883393406867981 524
1784275195029 0.3100716769695282 525
1784275195043 0.6892296075820923 526
1784275195055 0.2879711985588074 527
1784275195070 0.3321654498577118 528
1784275195083 0.39981257915496826 529
1784275195094 0.34603846073150635 530
1784275195107 0.28406015038490295 531
1784275195117 0.3310754895210266 532
1784275195130 0.4287826418876648 533
1784275195142 0.1816534698009491 534
1784275195154 0.5312772393226624 535
1784275195167 0.430914044380188 536
1784275195180 0.18828818202018738 537
1784275195192 0.3404428958892822 538
1784275195204 0.3851436972618103 539
1784275195216 0.5943848490715027 540
1784275195228 0.23149284720420837 541
1784275195240 0.3170583248138428 542
1784275195252 0.3281673192977905 543
1784275195266 0.6039115786552429 544
1784275195281 0.2530685365200043 545
1784275195293 0.48960357904434204 546
1784275195306 0.6169899702072144 547
1784275195318 0.4014999568462372 548
1784275195330 0.4936329424381256 549
1784275195343 0.31045249104499817 550
1784275195354 0.3354826867580414 551
1784275195365 0.6207727789878845 552
1784275195376 0.2910929322242737 553
1784275195389 0.2628628611564636 554
1784275195398 0.36809390783309937 555
1784275195409 0.4728603959083557 556
1784275195420 0.20032775402069092 557
1784275195432 0.2766093611717224 558
1784275195443 0.48601794242858887 559
1784275195454 0.758926510810852 560
1784275195466 0.16880986094474792 561
1784275195477 0.4350751042366028 562
1784275195490 0.33386972546577454 563
1784275195500 0.36306604743003845 564
1784275195511 0.2857827842235565 565
1784275195520 0.3396245241165161 566
1784275195533 0.3429456651210785 567
1784275195545 0.2954528331756592 568
1784275195558 0.40072914958000183 569
1784275195568 0.2176244556903839 570
1784275195580 0.44679397344589233 571
1784275195593 0.4673914313316345 572
1784275195608 0.40689167380332947 573
1784275195619 0.5093074440956116 574
1784275195632 0.4637828469276428 575
1784275195643 0.403717041015625 576
1784275195653 0.4600815773010254 577
1784275195669 0.29612302780151367 578
1784275195685 0.19366729259490967 579
1784275195699 0.3621799647808075 580
1784275195713 0.3355829417705536 581
1784275195727 0.41579094529151917 582
1784275195742 0.29398947954177856 583
1784275195757 0.22150956094264984 584
1784275195772 0.3987271785736084 585
1784275195786 0.35552483797073364 586
1784275195798 0.4184095561504364 587
1784275195812 0.3061642348766327 588
1784275195824 0.40985625982284546 589
1784275195836 0.35572031140327454 590
1784275195849 0.3185739517211914 591
1784275195860 0.23731645941734314 592
1784275195870 0.36994487047195435 593
1784275195881 0.5383780598640442 594
1784275195892 0.22925323247909546 595
1784275195902 0.19858165085315704 596
1784275195913 0.2568906843662262 597
1784275195923 0.43380364775657654 598
1784275195934 0.46873795986175537 599
1784275195945 0.3345601558685303 600
1784275195956 0.21057462692260742 601
1784275195966 0.3552042543888092 602
1784275195978 0.3035171926021576 603
1784275195990 0.20158922672271729 604
1784275196001 0.368276983499527 605
1784275196014 0.24342116713523865 606
1784275196026 0.4441462457180023 607
1784275196038 0.8967946171760559 608
1784275196050 0.4079846441745758 609
1784275196060 0.22913725674152374 610
1784275196073 0.2670626640319824 611
1784275196084 0.33208999037742615 612
1784275196095 0.4301643967628479 613
1784275196108 0.41893449425697327 614
1784275196118 0.303604394197464 615
1784275196129 0.7466121912002563 616
1784275196141 0.2275744527578354 617
1784275196153 0.5292205214500427 618
1784275196164 0.5259960293769836 619
1784275196176 0.3427397310733795 620
1784275196188 0.4682177007198334 621
1784275196201 0.34435126185417175 622
1784275196214 0.4630288779735565 623
1784275196226 0.30229443311691284 624
1784275196241 0.27065062522888184 625
1784275196252 0.5179224014282227 626
1784275196266 0.49896740913391113 627
1784275196281 0.4834994673728943 628
1784275196294 0.27220019698143005 629
1784275196306 0.3642251491546631 630
1784275196317 0.22960440814495087 631
1784275196328 0.31658610701560974 632
1784275196340 0.38280579447746277 633
1784275196348 0.26399487257003784 634
1784275196359 0.6642043590545654 635
1784275196369 0.3733063340187073 636
1784275196382 0.31778985261917114 637
1784275196394 0.4868820905685425 638
1784275196406 0.43613672256469727 639
1784275196415 0.3956739008426666 640
1784275196425 0.3158150613307953 641
1784275196434 0.3865775763988495 642
1784275196446 0.4368869662284851 643
1784275196457 0.3045203685760498 644
1784275196467 0.23026613891124725 645
1784275196479 0.24005304276943207 646
1784275196490 0.4149555265903473 647
1784275196502 0.27474862337112427 648
1784275196515 0.7784005403518677 649
1784275196528 0.26727256178855896 650
1784275196541 0.3640235662460327 651
1784275196555 0.28544121980667114 652
1784275196567 0.3832668662071228 653
1784275196579 0.27345335483551025 654
1784275196592 0.35070136189460754 655
1784275196607 0.32730987668037415 656
1784275196620 0.6128067374229431 657
1784275196632 0.2406536042690277 658
1784275196647 0.46795567870140076 659
1784275196658 0.55145663022995 660
1784275196670 0.31712019443511963 661
1784275196682 0.38391655683517456 662
1784275196695 0.41207626461982727 663
1784275196708 0.22946138679981232 664
1784275196719 0.29035109281539917 665
1784275196729 0.2614955008029938 666
1784275196740 0.315947949886322 667
1784275196750 0.228720024228096 668
1784275196762 0.14340023696422577 669
1784275196772 0.5714777708053589 670
1784275196784 0.3446694016456604 671
1784275196796 0.5310536623001099 672
1784275196808 0.37986981868743896 673
1784275196818 0.30063924193382263 674
1784275196830 0.37283194065093994 675
1784275196839 0.3883240818977356 676
1784275196850 0.31021517515182495 677
1784275196862 0.6395623087882996 678
1784275196873 0.25649046897888184 679
1784275196884 0.3303309977054596 680
1784275196895 0.7098114490509033 681
1784275196907 0.2940256893634796 682
1784275196918 0.34931835532188416 683
1784275196930 0.29588302969932556 684
1784275196941 0.5252043008804321 685
1784275196952 0.4303436279296875 686
1784275196963 0.46833622455596924 687
1784275196974 0.2906494438648224 688
1784275196983 0.2660479247570038 689
1784275196995 0.46441930532455444 690
1784275197007 0.3495729863643646 691
1784275197018 0.3945314288139343 692
1784275197032 0.5460283160209656 693
1784275197045 0.4635971188545227 694
1784275197055 0.3536880910396576 695
1784275197066 0.6577183604240417 696
1784275197077 0.45301252603530884 697
1784275197088 0.3529767096042633 698
1784275197100 0.24998734891414642 699
1784275197113 0.5405135750770569 700
1784275197126 0.1720997393131256 701
1784275197137 0.429758757352829 702
1784275197152 0.3358600437641144 703
1784275197168 0.5143250823020935 704
1784275197182 0.2415483444929123 705
1784275197196 0.36598750948905945 706
1784275197210 0.2786920964717865 707
1784275197223 0.42784154415130615 708
1784275197235 0.3468009829521179 709
1784275197251 0.20175844430923462 710
1784275197264 0.436981737613678 711
1784275197280 0.3062850534915924 712
1784275197293 0.3982163071632385 713
1784275197304 0.4330759048461914 714
1784275197317 0.5229523777961731 715
1784275197330 0.2891882658004761 716
1784275197342 0.43522945046424866 717
1784275197355 0.2643287181854248 718
1784275197429 0.33474886417388916 719
1784275197452 0.5108418464660645 720
1784275197468 0.7830682396888733 721
1784275197481 0.4246625006198883 722
1784275197495 0.35467228293418884 723
1784275197509 0.5285935401916504 724
1784275197521 0.4281873404979706 725
1784275197531 0.4789065718650818 726
1784275197545 0.2160550355911255 727
1784275197556 0.3288021385669708 728
1784275197570 0.10246183723211288 729
1784275197581 0.7973774075508118 730
1784275197592 0.37241074442863464 731
1784275197604 0.37547823786735535 732
1784275197622 0.27560901641845703 733
1784275197634 0.24626478552818298 734
1784275197646 0.15020523965358734 735
1784275197658 0.3132109045982361 736
1784275197672 0.18570683896541595 737
1784275197684 0.6824381351470947 738
1784275197697 0.20014655590057373 739
1784275197710 0.23272955417633057 740
1784275197722 0.6324048042297363 741
1784275197734 0.6076174974441528 742
1784275197747 0.3736887574195862 743
1784275197760 0.27427059412002563 744
1784275197772 0.6323845386505127 745
1784275197785 0.351708322763443 746
1784275197798 0.200903058052063 747
1784275197812 0.38949644565582275 748
1784275197825 0.35527926683425903 749
1784275197838 0.5679895281791687 750
1784275197850 0.2104048877954483 751
1784275197864 0.4406311810016632 752
1784275197875 0.4472835659980774 753
1784275197888 0.851009726524353 754
1784275197901 0.2858852744102478 755
1784275197916 0.2597109079360962 756
1784275197930 0.38484957814216614 757
1784275197942 0.5701284408569336 758
1784275197955 0.26919445395469666 759
1784275197969 0.35549697279930115 760
1784275197985 0.4980214238166809 761
1784275198000 0.11012277007102966 762
1784275198016 0.35126110911369324 763
1784275198030 0.33394867181777954 764
1784275198043 0.3491339385509491 765
1784275198057 0.369358628988266 766
1784275198075 1.1856508255004883 767
1784275198137 0.19297342002391815 768
1784275198150 0.37540557980537415 769
1784275198168 0.9359784722328186 770
1784275198181 0.4757809042930603 771
1784275198194 0.3374761641025543 772
1784275198207 0.12862594425678253 773
1784275198222 0.397244393825531 774
1784275198233 0.2597725987434387 775
1784275198243 0.5012360215187073 776
1784275198254 0.31110015511512756 777
1784275198264 0.1726575642824173 778
1784275198277 0.600865364074707 779
1784275198290 0.3647427260875702 780
1784275198303 0.38518452644348145 781
1784275198316 0.3498131334781647 782
1784275198328 0.3053920865058899 783
1784275198341 0.3773549497127533 784
1784275198352 0.4130682647228241 785
1784275198365 0.2583266496658325 786
1784275198377 0.4927559196949005 787
1784275198390 0.4909531772136688 788
1784275198404 0.1966741383075714 789
1784275198417 0.3048568069934845 790
1784275198431 0.1899857074022293 791
1784275198445 0.39166706800460815 792
1784275198457 0.4930676221847534 793
1784275198471 0.32592901587486267 794
1784275198484 0.4414021968841553 795
1784275198499 0.3345964252948761 796
1784275198513 0.22772882878780365 797
1784275198528 0.24839791655540466 798
1784275198540 0.1988854706287384 799
1784275198553 0.3528606593608856 800
1784275198567 0.3153834640979767 801
1784275198580 0.7212303280830383 802
1784275198595 0.20873482525348663 803
1784275198609 0.5289952754974365 804
1784275198623 0.340955913066864 805
1784275198634 0.5358273983001709 806
1784275198646 0.40464988350868225 807
1784275198657 0.39701634645462036 808
1784275198671 0.3388846218585968 809
1784275198684 0.17715363204479218 810
1784275198700 0.6716370582580566 811
1784275198711 0.29241278767585754 812
1784275198722 0.19462385773658752 813
1784275198735 0.366265207529068 814
1784275198748 0.525172233581543 815
1784275198761 0.6408703923225403 816
1784275198773 0.3314804434776306 817
1784275198783 0.502072811126709 818
1784275198796 0.231257364153862 819
1784275198808 0.5164891481399536 820
1784275198818 0.19311626255512238 821
1784275198831 0.3591404855251312 822
1784275198843 0.33453357219696045 823
1784275198856 0.5683606863021851 824
1784275198868 0.2273523360490799 825
1784275198879 0.18770712614059448 826
1784275198891 0.3735094368457794 827
1784275198901 0.6906415820121765 828
1784275198912 0.3917158842086792 829
1784275198924 0.3149976134300232 830
1784275198936 0.16862209141254425 831
1784275198947 0.4096883535385132 832
1784275198959 0.3549375534057617 833
1784275198970 0.3669130206108093 834
1784275198982 0.24649189412593842 835
1784275198995 0.41680145263671875 836
1784275199009 0.23961472511291504 837
1784275199020 0.45301103591918945 838
1784275199032 0.38150498270988464 839
1784275199045 0.24709650874137878 840
1784275199059 0.3538805842399597 841
1784275199074 0.4836574196815491 842
1784275199091 0.46023890376091003 843
1784275199103 0.37753093242645264 844
1784275199118 0.409083753824234 845
1784275199132 0.41700488328933716 846
1784275199145 0.4907902181148529 847
1784275199158 0.20726773142814636 848
1784275199171 0.6048411726951599 849
1784275199184 0.4150693714618683 850
1784275199198 0.35504409670829773 851
1784275199211 0.2641870379447937 852
1784275199223 0.5253551006317139 853
1784275199236 0.496012806892395 854
1784275199250 0.7196599841117859 855
1784275199263 0.2995050549507141 856
1784275199276 0.7751917243003845 857
1784275199289 0.21634718775749207 858
1784275199302 0.3868939280509949 859
1784275199313 0.46137964725494385 860
1784275199326 0.1854943186044693 861
1784275199337 0.3269850015640259 862
1784275199348 0.41530680656433105 863
1784275199360 0.46291089057922363 864
1784275199370 0.5348233580589294 865
1784275199383 0.6967177391052246 866
1784275199395 0.5806270837783813 867
1784275199409 0.4982036054134369 868
1784275199422 0.45621854066848755 869
1784275199432 0.24117040634155273 870
1784275199444 0.361250638961792 871
1784275199456 0.20305700600147247 872
1784275199468 0.3151306211948395 873
1784275199480 0.45683231949806213 874
1784275199491 0.6653444766998291 875
1784275199501 0.5190256237983704 876
1784275199513 0.15673522651195526 877
1784275199524 0.3706042468547821 878
1784275199534 0.4393428564071655 879
1784275199546 0.34170717000961304 880
1784275199558 0.5335729122161865 881
1784275199569 0.33989039063453674 882
1784275199579 0.36117953062057495 883
1784275199590 0.6795997619628906 884
1784275199601 0.294630765914917 885
1784275199612 0.17886726558208466 886
1784275199624 0.4654541313648224 887
1784275199634 0.44422677159309387 888
1784275199645 0.2750125229358673 889
1784275199656 0.3673724830150604 890
1784275199667 0.2768765985965729 891
1784275199680 0.4307348132133484 892
1784275199691 0.30796873569488525 893
1784275199701 0.35591983795166016 894
1784275199714 0.644901692867279 895
1784275199727 0.33765938878059387 896
1784275199737 0.6467460989952087 897
1784275199749 0.3547370731830597 898
1784275199761 0.31366264820098877 899
1784275199772 0.38017651438713074 900
1784275199801 0.13383063673973083 901
1784275199813 0.5031375885009766 902
1784275199825 0.447275310754776 903
1784275199838 0.33228012919425964 904
1784275199850 0.32329171895980835 905
1784275199862 0.2231227308511734 906
1784275199877 0.2769755721092224 907
1784275199889 0.36879175901412964 908
1784275199899 0.25055137276649475 909
1784275199913 0.284278005361557 910
1784275199926 0.4363846480846405 911
1784275199938 0.6260645389556885 912
1784275199950 0.31630343198776245 913
1784275199963 0.40076112747192383 914
1784275199975 0.3676888644695282 915
1784275199989 0.25777530670166016 916
1784275200000 0.6113415956497192 917
1784275200011 0.21925963461399078 918
1784275200024 0.3231496810913086 919
1784275200038 0.4330507218837738 920
1784275200051 0.2845628261566162 921
1784275200063 0.3681650757789612 922
1784275200076 0.643204927444458 923
1784275200087 0.6460065245628357 924
1784275200100 0.29932788014411926 925
1784275200114 0.2627410888671875 926
1784275200128 0.5683912634849548 927
1784275200139 0.3445356488227844 928
1784275200152 0.13059523701667786 929
1784275200167 0.40435919165611267 930
1784275200180 0.5223960876464844 931
1784275200192 0.33280718326568604 932
1784275200204 0.33453720808029175 933
1784275200216 0.13637800514698029 934
1784275200229 0.2537083923816681 935
1784275200241 0.48323023319244385 936
1784275200254 0.6021443605422974 937
1784275200266 0.24286261200904846 938
1784275200282 0.32034140825271606 939
1784275200294 0.44211864471435547 940
1784275200306 0.31244727969169617 941
1784275200319 0.3120897710323334 942
1784275200333 0.3165481984615326 943
1784275200345 0.39693471789360046 944
1784275200358 0.2755199074745178 945
1784275200371 0.48039495944976807 946
1784275200383 0.3492891490459442 947
1784275200397 0.2701387405395508 948
1784275200410 0.19517283141613007 949
1784275200422 0.4821104407310486 950
1784275200435 0.5357491374015808 951
1784275200447 0.19991454482078552 952
1784275200459 0.4069792926311493 953
1784275200471 0.3072204291820526 954
1784275200484 0.4607013463973999 955
1784275200497 0.09750771522521973 956
1784275200513 0.23213142156600952 957
1784275200529 0.3223262429237366 958
1784275200544 0.4174804091453552 959
1784275200559 0.40099871158599854 960
1784275200575 0.3213287591934204 961
1784275200590 0.3230782151222229 962
1784275200601 0.3169710338115692 963
1784275200616 0.2966703772544861 964
1784275200630 0.21619071066379547 965
1784275200645 0.49203696846961975 966
1784275200659 0.5043837428092957 967
1784275200674 0.5284634828567505 968
1784275200686 0.2274591326713562 969
1784275200700 0.3422034680843353 970
1784275200714 0.1355932354927063 971
1784275200729 0.3153451085090637 972
1784275200742 0.23633216321468353 973
1784275200755 0.44212016463279724 974
1784275200776 0.4885149896144867 975
1784275200793 0.4486943483352661 976
1784275200808 0.367825448513031 977
1784275200823 0.3593465983867645 978
1784275200838 0.1856275200843811 979
1784275200857 0.3838302195072174 980
1784275200871 0.18148404359817505 981
1784275200883 0.09692739695310593 982
1784275200895 0.40805408358573914 983
1784275200909 0.20925362408161163 984
1784275200922 0.15649542212486267 985
1784275200935 0.40120992064476013 986
1784275200951 0.4163879156112671 987
1784275200965 0.26053643226623535 988
1784275200977 0.3338014483451843 989
1784275200990 0.5117461085319519 990
1784275201009 0.3498927354812622 991
1784275201024 0.5825749039649963 992
1784275201044 1.142008662223816 993
1784275201059 0.32329604029655457 994
1784275201073 0.19083377718925476 995
1784275201087 0.5572803616523743 996
1784275201099 0.2405117154121399 997
1784275201113 0.11584261804819107 998
1784275201125 0.24532635509967804 999
1784275201136 0.4189395010471344 1000
1784275201147 0.22009676694869995 1001
1784275201159 0.49916455149650574 1002
1784275201170 0.2985304892063141 1003
1784275201183 0.8574858903884888 1004
1784275201196 0.3430795967578888 1005
1784275201208 0.38529831171035767 1006
1784275201218 0.5953097343444824 1007
1784275201231 0.17632630467414856 1008
1784275201243 0.1276702582836151 1009
1784275201256 0.45926281809806824 1010
1784275201266 0.1118188425898552 1011
1784275201280 0.2045893520116806 1012
1784275201293 0.22776873409748077 1013
1784275201306 0.21981015801429749 1014
1784275201316 0.2772582471370697 1015
1784275201328 0.45939743518829346 1016
1784275201340 0.6427013874053955 1017
1784275201352 0.31504905223846436 1018
1784275201364 0.33025074005126953 1019
1784275201375 0.21600046753883362 1020
1784275201385 0.18361224234104156 1021
1784275201397 0.2357233315706253 1022
1784275201409 0.13142068684101105 1023
1784275201420 0.32035425305366516 1024
1784275201430 0.2924168109893799 1025
1784275201442 0.3343508541584015 1026
1784275201453 0.33482134342193604 1027
1784275201465 0.4977878928184509 1028
1784275201478 0.37488576769828796 1029
1784275201491 0.24471046030521393 1030
1784275201503 0.36491647362709045 1031
1784275201515 0.4414725601673126 1032
1784275201527 0.2673346698284149 1033
1784275201540 0.17034603655338287 1034
1784275201551 0.4615790843963623 1035
1784275201562 0.7592447400093079 1036
1784275201575 0.5358352661132812 1037
1784275201587 0.23839332163333893 1038
1784275201598 0.5703040361404419 1039
1784275201611 0.24237628281116486 1040
1784275201624 0.5241730809211731 1041
1784275201639 0.5514547824859619 1042
1784275201651 0.2981419861316681 1043
1784275201665 0.49038589000701904 1044
1784275201677 0.23085039854049683 1045
1784275201688 0.15258514881134033 1046
1784275201701 0.7657074332237244 1047
1784275201716 0.21029718220233917 1048
1784275201730 0.18633140623569489 1049
1784275201744 0.7856859564781189 1050
1784275201758 0.859150230884552 1051
1784275201773 0.3150714933872223 1052
1784275201788 0.20922550559043884 1053
1784275201800 0.15704026818275452 1054
1784275201812 0.32976439595222473 1055
1784275201826 0.22220343351364136 1056
1784275201839 0.5140209197998047 1057
1784275201854 0.45463281869888306 1058
1784275201868 0.3673798441886902 1059
1784275201883 0.9497742652893066 1060
1784275201896 0.36163321137428284 1061
1784275201909 0.5511378049850464 1062
1784275201925 0.28761592507362366 1063
1784275201938 0.3882388770580292 1064
1784275201952 0.46473413705825806 1065
1784275201964 0.19531120359897614 1066
1784275201976 0.6183626055717468 1067
1784275201988 0.2831306457519531 1068
1784275202000 0.3255285620689392 1069
1784275202013 0.311223566532135 1070
1784275202025 0.2799944281578064 1071
1784275202038 0.4365174472332001 1072
1784275202050 0.20398782193660736 1073
1784275202061 0.23565933108329773 1074
1784275202074 0.16632795333862305 1075
1784275202087 0.13361001014709473 1076
1784275202104 0.3824760615825653 1077
1784275202122 0.3012678325176239 1078
1784275202144 0.3820737898349762 1079
1784275202159 0.43110108375549316 1080
1784275202171 0.8477446436882019 1081
1784275202183 0.5435682535171509 1082
1784275202197 0.47416990995407104 1083
1784275202210 0.43074119091033936 1084
1784275202224 0.26845791935920715 1085
1784275202235 0.67474365234375 1086
1784275202249 0.19085010886192322 1087
1784275202263 0.21878671646118164 1088
1784275202278 0.36315497756004333 1089
1784275202291 0.37524279952049255 1090
1784275202304 0.23611679673194885 1091
1784275202319 0.4708905518054962 1092
1784275202332 0.6748080849647522 1093
1784275202347 0.2050764262676239 1094
1784275202359 0.4244699478149414 1095
1784275202372 0.31730037927627563 1096
1784275202384 0.3047690987586975 1097
1784275202396 0.2803610861301422 1098
1784275202408 0.44029006361961365 1099
1784275202418 0.21763975918293 1100
1784275202432 0.364554226398468 1101
1784275202444 0.5320479869842529 1102
1784275202457 0.5021886825561523 1103
1784275202467 0.12668710947036743 1104
1784275202481 0.17101238667964935 1105
1784275202493 0.1911487579345703 1106
1784275202506 0.46767231822013855 1107
1784275202518 0.45516398549079895 1108
1784275202532 0.18587777018547058 1109
1784275202545 0.41435593366622925 1110
1784275202557 0.6586812138557434 1111
1784275202568 0.6472142934799194 1112
1784275202580 0.19682303071022034 1113
1784275202592 0.15647663176059723 1114
1784275202606 0.5547014474868774 1115
1784275202619 0.2703609764575958 1116
1784275202630 0.475683331489563 1117
1784275202644 0.38480252027511597 1118
1784275202658 0.15843679010868073 1119
1784275202672 0.08689232915639877 1120
1784275202685 0.3958403766155243 1121
1784275202698 0.4038463234901428 1122
1784275202713 0.22591817378997803 1123
1784275202724 0.48619118332862854 1124
1784275202735 0.5049722790718079 1125
1784275202746 0.30098477005958557 1126
1784275202757 0.15276625752449036 1127
1784275202774 0.29555457830429077 1128
1784275202788 0.14082610607147217 1129
1784275202800 0.2016899585723877 1130
1784275202813 0.3236587643623352 1131
1784275202826 0.37241384387016296 1132
1784275202838 0.24962088465690613 1133
1784275202849 0.19829212129116058 1134
1784275202863 0.28957244753837585 1135
1784275202876 0.5375615954399109 1136
1784275202888 0.43410757184028625 1137
1784275202901 0.39458996057510376 1138
1784275202913 0.22793549299240112 1139
1784275202927 0.3824045956134796 1140
1784275202940 0.15442223846912384 1141
1784275202951 0.1911734789609909 1142
1784275202962 0.45470955967903137 1143
1784275202973 0.40611109137535095 1144
1784275202985 0.3431221544742584 1145
1784275202996 0.16888688504695892 1146
1784275203007 0.3036233186721802 1147
1784275203020 0.26490557193756104 1148
1784275203031 0.5210038423538208 1149
1784275203044 0.10696637630462646 1150
1784275203059 0.1873496025800705 1151
1784275203080 0.18289513885974884 1152
1784275203094 0.9220794439315796 1153
1784275203107 0.3774625062942505 1154
1784275203119 0.21588349342346191 1155
1784275203130 0.2365020364522934 1156
1784275203140 0.30957886576652527 1157
1784275203152 0.1858624666929245 1158
1784275203165 0.28385716676712036 1159
1784275203178 0.49459338188171387 1160
1784275203189 0.2627421021461487 1161
1784275203199 0.17499983310699463 1162
1784275203212 0.3034135103225708 1163
1784275203225 0.2548145353794098 1164
1784275203237 0.29651501774787903 1165
1784275203249 0.2775491178035736 1166
1784275203261 0.35098764300346375 1167
1784275203274 0.09375365823507309 1168
1784275203287 0.22100241482257843 1169
1784275203299 0.3073161244392395 1170
1784275203313 0.22441917657852173 1171
1784275203326 0.30170196294784546 1172
1784275203338 0.1868334412574768 1173
1784275203350 0.3054308295249939 1174
1784275203362 0.1875705122947693 1175
1784275203374 0.21465489268302917 1176
1784275203385 0.368021160364151 1177
1784275203397 0.610641598701477 1178
1784275203409 0.37972497940063477 1179
1784275203422 0.5745086669921875 1180
1784275203435 0.17396864295005798 1181
1784275203447 0.37066197395324707 1182
1784275203460 0.42633679509162903 1183
1784275203473 0.36109375953674316 1184
1784275203484 0.5420292615890503 1185
1784275203496 0.46794044971466064 1186
1784275203507 0.6757082343101501 1187
1784275203518 0.21167778968811035 1188
1784275203530 0.5040067434310913 1189
1784275203541 0.2554086148738861 1190
1784275203552 0.5186188220977783 1191
1784275203564 0.6090046167373657 1192
1784275203578 0.4211289882659912 1193
1784275203591 0.16169030964374542 1194
1784275203602 0.4882645905017853 1195
1784275203614 0.46465161442756653 1196
1784275203626 0.3221276104450226 1197
1784275203637 0.4348636269569397 1198
1784275203649 0.19421589374542236 1199
1784275203661 0.3139135539531708 1200
1784275203674 0.4393760561943054 1201
1784275203687 0.3506298065185547 1202
1784275203698 0.22819818556308746 1203
1784275203710 0.5284963250160217 1204
1784275203722 0.49283719062805176 1205
1784275203733 0.23960715532302856 1206
1784275203743 0.4336951673030853 1207
1784275203755 0.3634912967681885 1208
1784275203767 0.24113322794437408 1209
1784275203779 0.20733222365379333 1210
1784275203790 0.33597785234451294 1211
1784275203802 0.5249890089035034 1212
1784275203815 0.42741408944129944 1213
1784275203828 0.6821518540382385 1214
1784275203841 0.4527295231819153 1215
1784275203853 0.16467152535915375 1216
1784275203865 0.28224048018455505 1217
1784275203876 0.18726427853107452 1218
1784275203889 0.6997165679931641 1219
1784275203900 0.35932695865631104 1220
1784275203913 0.6564592719078064 1221
1784275203925 0.2908104658126831 1222
1784275203936 0.7669228315353394 1223
1784275203946 0.4463927745819092 1224
1784275203957 0.3763189911842346 1225
1784275203969 0.27471724152565 1226
1784275203982 0.6992342472076416 1227
1784275203993 0.7132018804550171 1228
1784275204006 0.3147558867931366 1229
1784275204017 0.25788450241088867 1230
1784275204029 0.3950515389442444 1231
1784275204041 0.3778098225593567 1232
1784275204052 0.2595127522945404 1233
1784275204064 0.1749965399503708 1234
1784275204075 0.21804597973823547 1235
1784275204087 0.29246947169303894 1236
1784275204098 0.4607551097869873 1237
1784275204110 0.3551863729953766 1238
1784275204122 0.11453289538621902 1239
1784275204134 0.18050183355808258 1240
1784275204145 0.1744231879711151 1241
1784275204157 0.3230942189693451 1242
1784275204168 0.24896401166915894 1243
1784275204179 0.2766959071159363 1244
1784275204191 0.26364952325820923 1245
1784275204202 0.3607127070426941 1246
1784275204213 0.3015897870063782 1247
1784275204223 0.31949418783187866 1248
1784275204233 0.708430290222168 1249
1784275204245 0.4449325501918793 1250
1784275204257 0.17177827656269073 1251
1784275204268 1.0004926919937134 1252
1784275204280 0.27489379048347473 1253
1784275204292 0.5613595843315125 1254
1784275204303 0.353977233171463 1255
1784275204316 0.3632981479167938 1256
1784275204328 0.2369089275598526 1257
1784275204339 0.2852684259414673 1258
1784275204350 0.20230218768119812 1259
1784275204362 0.31714746356010437 1260
1784275204373 0.3008466958999634 1261
1784275204384 0.49065330624580383 1262
1784275204395 0.2707579433917999 1263
1784275204406 0.359125018119812 1264
1784275204416 0.529274582862854 1265
1784275204427 0.39165937900543213 1266
1784275204438 0.41098690032958984 1267
1784275204449 0.2910109758377075 1268
1784275204460 0.3117583990097046 1269
1784275204472 0.42064839601516724 1270
1784275204483 0.40287572145462036 1271
1784275204495 0.11062393337488174 1272
1784275204505 0.2419281303882599 1273
1784275204515 0.17482063174247742 1274
1784275204526 0.20439419150352478 1275
1784275204535 0.6753135919570923 1276
1784275204544 0.6568158268928528 1277
1784275204554 0.4602137804031372 1278
1784275204564 0.3245377242565155 1279
1784275204576 0.2327904999256134 1280
1784275204587 0.38579869270324707 1281
1784275204598 0.21605607867240906 1282
1784275204610 0.36160582304000854 1283
1784275204624 0.2056775987148285 1284
1784275204635 0.4261889159679413 1285
1784275204647 0.26841872930526733 1286
1784275204658 0.6993097066879272 1287
1784275204670 0.2802273631095886 1288
1784275204682 0.3845857083797455 1289
1784275204693 0.09263931214809418 1290
1784275204706 0.3384604752063751 1291
1784275204716 0.22085392475128174 1292
1784275204727 0.3614341616630554 1293
1784275204738 0.24166123569011688 1294
1784275204748 0.2833547592163086 1295
1784275204759 0.24422241747379303 1296
1784275204772 0.40303751826286316 1297
1784275204785 0.39227962493896484 1298
1784275204797 0.5775180459022522 1299
1784275204810 0.2680297791957855 1300
1784275204823 0.43734100461006165 1301
1784275204836 0.47419223189353943 1302
1784275204847 0.46562665700912476 1303
1784275204861 0.19901011884212494 1304
1784275204873 0.05763969197869301 1305
1784275204885 0.343745619058609 1306
1784275204899 0.5393984317779541 1307
1784275204910 0.1390685886144638 1308
1784275204925 0.16441144049167633 1309
1784275204938 0.747089147567749 1310
1784275204951 0.2025713175535202 1311
1784275204964 0.20604315400123596 1312
1784275204977 0.29161563515663147 1313
1784275204990 0.28687235713005066 1314
1784275204999 0.24174930155277252 1315
1784275205013 0.5746121406555176 1316
1784275205026 0.3030638098716736 1317
1784275205038 0.36767733097076416 1318
1784275205047 0.5362384915351868 1319
1784275205060 0.13245496153831482 1320
1784275205072 0.24569500982761383 1321
1784275205082 0.5541625618934631 1322
1784275205093 0.6180947422981262 1323
1784275205106 0.17074304819107056 1324
1784275205119 0.4204774498939514 1325
1784275205134 0.43788373470306396 1326
1784275205148 0.3567391335964203 1327
1784275205161 0.6064456105232239 1328
1784275205175 0.30319252610206604 1329
1784275205191 0.21125002205371857 1330
1784275205202 0.3702138364315033 1331
1784275205214 0.15016572177410126 1332
1784275205225 0.6255537271499634 1333
1784275205235 0.2512328624725342 1334
1784275205246 0.49133816361427307 1335
1784275205256 0.31364986300468445 1336
1784275205265 0.4538794159889221 1337
1784275205278 0.4822332262992859 1338
1784275205290 0.44576919078826904 1339
1784275205302 0.23070749640464783 1340
1784275205314 0.36731651425361633 1341
1784275205326 0.3691330552101135 1342
1784275205337 0.18306860327720642 1343
1784275205348 0.36464864015579224 1344
1784275205364 0.29397040605545044 1345
1784275205376 0.20639970898628235 1346
1784275205387 0.43239790201187134 1347
1784275205399 0.29762423038482666 1348
1784275205409 0.16173163056373596 1349
1784275205421 0.2736758887767792 1350
1784275205432 0.10693378001451492 1351
1784275205443 0.5750513076782227 1352
1784275205454 0.3496917188167572 1353
1784275205466 0.5016627311706543 1354
1784275205478 0.2515747845172882 1355
1784275205490 0.2788298726081848 1356
1784275205501 0.5344981551170349 1357
1784275205513 0.39769086241722107 1358
1784275205527 0.6437994837760925 1359
1784275205542 0.22946514189243317 1360
1784275205555 0.13866594433784485 1361
1784275205568 0.2764025628566742 1362
1784275205582 0.13781039416790009 1363
1784275205595 0.3250058591365814 1364
1784275205607 0.16730327904224396 1365
1784275205621 0.7622596621513367 1366
1784275205633 0.41493740677833557 1367
1784275205648 0.4892227351665497 1368
1784275205661 0.15348707139492035 1369
1784275205674 0.23019824922084808 1370
1784275205686 0.23364710807800293 1371
1784275205698 0.405985027551651 1372
1784275205709 0.30108484625816345 1373
1784275205721 0.2984834313392639 1374
1784275205733 0.5053228735923767 1375
1784275205752 0.4945630431175232 1376
1784275205766 0.22822518646717072 1377
1784275205779 0.21311736106872559 1378
1784275205791 0.5490692257881165 1379
1784275205804 0.13051342964172363 1380
1784275205815 0.6539016366004944 1381
1784275205828 0.3580237925052643 1382
1784275205839 0.3024260103702545 1383
1784275205850 0.151092991232872 1384
1784275205860 0.4778793454170227 1385
1784275205871 0.21095962822437286 1386
1784275205882 0.21797116100788116 1387
1784275205895 0.18973831832408905 1388
1784275205907 0.33906063437461853 1389
1784275205918 0.33327820897102356 1390
1784275205930 0.3319021463394165 1391
1784275205941 0.425468772649765 1392
1784275205953 0.2973717451095581 1393
1784275205965 0.27053338289260864 1394
1784275205977 0.06874220073223114 1395
1784275205989 0.39825189113616943 1396
1784275206003 0.40182924270629883 1397
1784275206016 0.13899067044258118 1398
1784275206030 0.30252593755722046 1399
1784275206044 0.423101544380188 1400
1784275206057 0.21131235361099243 1401
1784275206070 0.22997219860553741 1402
1784275206082 0.3666978180408478 1403
1784275206095 0.23889632523059845 1404
1784275206106 0.24136969447135925 1405
1784275206118 0.5631851553916931 1406
1784275206131 0.1592686027288437 1407
1784275206146 0.08856474608182907 1408
1784275206157 0.29386264085769653 1409
1784275206169 0.20174089074134827 1410
1784275206181 0.405332088470459 1411
1784275206194 0.33526408672332764 1412
1784275206206 0.4583967924118042 1413
1784275206218 0.3353550434112549 1414
1784275206230 0.758899986743927 1415
1784275206242 0.33396971225738525 1416
1784275206256 0.14692796766757965 1417
1784275206270 0.27212217450141907 1418
1784275206282 0.26160699129104614 1419
1784275206294 0.35211503505706787 1420
1784275206307 0.24303555488586426 1421
1784275206321 0.2092873752117157 1422
1784275206333 0.32121580839157104 1423
1784275206345 0.23656892776489258 1424
1784275206357 0.2931061387062073 1425
1784275206368 0.5244197845458984 1426
1784275206380 0.17036192119121552 1427
1784275206393 0.3711016774177551 1428
1784275206405 0.2983962595462799 1429
1784275206416 0.5827817916870117 1430
1784275206428 0.4234811067581177 1431
1784275206441 0.4863133430480957 1432
1784275206453 0.35023435950279236 1433
1784275206464 0.5417550802230835 1434
1784275206476 0.4423874020576477 1435
1784275206489 0.3243546783924103 1436
1784275206499 0.581825315952301 1437
1784275206512 0.28984010219573975 1438
1784275206523 0.13629299402236938 1439
1784275206535 0.3637220859527588 1440
1784275206546 0.31688228249549866 1441
1784275206558 0.285702645778656 1442
1784275206567 0.3608032763004303 1443
1784275206579 0.23300640285015106 1444
1784275206590 0.2971075773239136 1445
1784275206603 0.5921744704246521 1446
1784275206612 0.474822074174881 1447
1784275206622 0.1257353276014328 1448
1784275206634 0.5931406021118164 1449
1784275206647 0.4121914207935333 1450
1784275206660 0.1984545886516571 1451
1784275206672 0.8335555791854858 1452
1784275206683 0.39952877163887024 1453
1784275206696 0.27297326922416687 1454
1784275206709 0.2725861072540283 1455
1784275206722 0.12956564128398895 1456
1784275206733 0.44693347811698914 1457
1784275206746 0.17780327796936035 1458
1784275206758 0.13378065824508667 1459
1784275206770 0.5707220435142517 1460
1784275206781 0.12791964411735535 1461
1784275206793 0.20523668825626373 1462
1784275206805 0.3568838834762573 1463
1784275206819 0.43219730257987976 1464
1784275206831 0.2810063660144806 1465
1784275206841 0.44877198338508606 1466
1784275206853 0.292746365070343 1467
1784275206865 0.37768450379371643 1468
1784275206875 0.6324050426483154 1469
1784275206887 0.619600772857666 1470
1784275206899 0.26021984219551086 1471
1784275206911 0.4614151120185852 1472
1784275206922 0.21909451484680176 1473
1784275206935 0.5050712823867798 1474
1784275206946 0.4052850902080536 1475
1784275206958 0.501628577709198 1476
1784275206966 0.874824047088623 1477
1784275206978 0.09449918568134308 1478
1784275206990 0.3929949700832367 1479
1784275207003 0.23486751317977905 1480
1784275207014 0.542044460773468 1481
1784275207025 0.46281152963638306 1482
1784275207037 0.19250136613845825 1483
1784275207049 0.5603388547897339 1484
1784275207061 0.24963679909706116 1485
1784275207073 0.25808483362197876 1486
1784275207084 0.3801981210708618 1487
1784275207095 0.42889225482940674 1488
1784275207106 0.23992787301540375 1489
1784275207117 0.2959485650062561 1490
1784275207127 0.5386291146278381 1491
1784275207140 0.1847018003463745 1492
1784275207150 0.5064540505409241 1493
1784275207161 0.6287409067153931 1494
1784275207174 0.07210011780261993 1495
1784275207184 0.21962834894657135 1496
1784275207196 0.32054781913757324 1497
1784275207208 0.21179696917533875 1498
1784275207218 0.27752211689949036 1499
1784275207229 0.3538389801979065 1500
1784275207241 0.7428415417671204 1501
1784275207253 0.48739466071128845 1502
1784275207264 0.21852585673332214 1503
1784275207276 0.18320296704769135 1504
1784275207288 0.25960034132003784 1505
1784275207300 0.36187776923179626 1506
1784275207312 0.4743058979511261 1507
1784275207325 0.1349661499261856 1508
1784275207339 0.40908756852149963 1509
1784275207356 0.35860127210617065 1510
1784275207371 0.36402609944343567 1511
1784275207388 0.4056677222251892 1512
1784275207401 0.12472919374704361 1513
1784275207416 0.3155294954776764 1514
1784275207428 0.32384946942329407 1515
1784275207440 0.28972434997558594 1516
1784275207453 0.30969470739364624 1517
1784275207464 0.30605629086494446 1518
1784275207477 0.37879741191864014 1519
1784275207489 0.6227694749832153 1520
1784275207499 0.23315416276454926 1521
1784275207511 0.5046684741973877 1522
1784275207524 0.36404183506965637 1523
1784275207535 0.19388312101364136 1524
1784275207548 0.2844007611274719 1525
1784275207561 0.3063240051269531 1526
1784275207572 0.25491881370544434 1527
1784275207587 0.35782933235168457 1528
1784275207600 0.15915118157863617 1529
1784275207611 0.10037928074598312 1530
1784275207625 0.3854963183403015 1531
1784275207637 0.4429611563682556 1532
1784275207649 0.07921800017356873 1533
1784275207663 0.46946313977241516 1534
1784275207676 0.6090609431266785 1535
1784275207688 0.34008461236953735 1536
1784275207716 0.2743665277957916 1537
1784275207727 0.30927959084510803 1538
1784275207739 0.07836491614580154 1539
1784275207750 0.13057906925678253 1540
1784275207762 0.2915661334991455 1541
1784275207773 0.40088385343551636 1542
1784275207783 0.35631293058395386 1543
1784275207795 0.20627692341804504 1544
1784275207807 0.3177289366722107 1545
1784275207819 0.49018776416778564 1546
1784275207831 0.8742366433143616 1547
1784275207843 0.5038891434669495 1548
1784275207854 0.5630300045013428 1549
1784275207865 0.12675130367279053 1550
1784275207876 0.6190412640571594 1551
1784275207886 0.18125632405281067 1552
1784275207896 0.230511873960495 1553
1784275207908 0.28790780901908875 1554
1784275207919 0.564026951789856 1555
1784275207930 0.18375355005264282 1556
1784275207941 0.32688066363334656 1557
1784275207953 0.4425652325153351 1558
1784275207965 0.3144090473651886 1559
1784275207978 0.19110402464866638 1560
1784275207990 0.5365278124809265 1561
1784275208003 0.43754804134368896 1562
1784275208016 0.28670358657836914 1563
1784275208029 0.1746480017900467 1564
1784275208041 0.3197549283504486 1565
1784275208053 0.5569128394126892 1566
1784275208064 0.36232829093933105 1567
1784275208078 0.5026361346244812 1568
1784275208091 0.3657602071762085 1569
1784275208104 0.13056199252605438 1570
1784275208116 0.35775279998779297 1571
1784275208126 0.2392297238111496 1572
1784275208140 0.31771647930145264 1573
1784275208152 0.21742406487464905 1574
1784275208164 0.12961386144161224 1575
1784275208176 0.23140132427215576 1576
1784275208187 0.512722373008728 1577
1784275208200 0.5253991484642029 1578
1784275208212 0.46779245138168335 1579
1784275208224 0.18396878242492676 1580
1784275208236 0.21180611848831177 1581
1784275208250 0.3281797170639038 1582
1784275208264 0.30007630586624146 1583
1784275208278 0.3927607834339142 1584
1784275208291 0.5086492300033569 1585
1784275208303 0.4941232204437256 1586
1784275208318 0.3678228557109833 1587
1784275208330 0.25312289595603943 1588
1784275208341 0.43537041544914246 1589
1784275208352 0.46059688925743103 1590
1784275208363 0.6415090560913086 1591
1784275208376 0.3648450970649719 1592
1784275208388 0.38393542170524597 1593
1784275208401 0.44109395146369934 1594
1784275208414 0.54844731092453 1595
1784275208425 0.2838265001773834 1596
1784275208438 0.3127962052822113 1597
1784275208449 0.2858099341392517 1598
1784275208462 0.11845681816339493 1599
1784275208474 0.31950998306274414 1600
1784275208486 0.1943759024143219 1601
1784275208496 0.2289724051952362 1602
1784275208510 0.2732563018798828 1603
1784275208522 0.22097666561603546 1604
1784275208534 0.38686805963516235 1605
1784275208546 0.7940192818641663 1606
1784275208556 0.31466424465179443 1607
1784275208567 0.17042328417301178 1608
1784275208578 0.3534528911113739 1609
1784275208588 0.28734034299850464 1610
1784275208600 0.5081588625907898 1611
1784275208614 0.4019564390182495 1612
1784275208623 0.24721373617649078 1613
1784275208634 0.5478540658950806 1614
1784275208645 0.2870389521121979 1615
1784275208658 0.366458535194397 1616
1784275208669 0.417645663022995 1617
1784275208681 0.14074937999248505 1618
1784275208693 0.1932430863380432 1619
1784275208704 0.4352891445159912 1620
1784275208715 0.38643765449523926 1621
1784275208728 0.4304424822330475 1622
1784275208740 0.4172505736351013 1623
1784275208753 0.3080054819583893 1624
1784275208763 0.4122495651245117 1625
1784275208774 0.34723398089408875 1626
1784275208787 0.12445513159036636 1627
1784275208800 0.3094649612903595 1628
1784275208812 0.4409623444080353 1629
1784275208822 0.45184290409088135 1630
1784275208833 0.38313746452331543 1631
1784275208844 0.4395364820957184 1632
1784275208855 0.44611528515815735 1633
1784275208865 0.3832099735736847 1634
1784275208877 0.23420792818069458 1635
1784275208889 0.2721555233001709 1636
1784275208900 0.7833014726638794 1637
1784275208913 0.3412131369113922 1638
1784275208924 0.4307795763015747 1639
1784275208934 0.25394323468208313 1640
1784275208946 0.22355127334594727 1641
1784275208958 0.09640882909297943 1642
1784275208969 0.513866126537323 1643
1784275208980 0.13705410063266754 1644
1784275208992 0.16317880153656006 1645
1784275209004 0.17988091707229614 1646
1784275209015 0.2377549111843109 1647
1784275209026 0.19394011795520782 1648
1784275209038 0.20842626690864563 1649
1784275209055 0.15963870286941528 1650
1784275209071 0.34040966629981995 1651
1784275209088 0.1980484426021576 1652
1784275209103 0.1802441030740738 1653
1784275209118 0.5004792213439941 1654
1784275209132 0.285105437040329 1655
1784275209146 0.581455647945404 1656
1784275209159 0.34137940406799316 1657
1784275209173 0.32133030891418457 1658
1784275209185 0.2547914981842041 1659
1784275209197 0.10184165835380554 1660
1784275209212 0.264378160238266 1661
1784275209224 0.29753464460372925 1662
1784275209238 0.35825425386428833 1663
1784275209249 0.13112697005271912 1664
1784275209264 0.3860248029232025 1665
1784275209278 0.29469043016433716 1666
1784275209292 0.24435317516326904 1667
1784275209306 0.509272038936615 1668
1784275209324 0.35411494970321655 1669
1784275209339 0.3337116539478302 1670
1784275209353 0.3409997224807739 1671
1784275209369 0.5687113404273987 1672
1784275209381 0.3518363833427429 1673
1784275209393 0.6188877820968628 1674
1784275209404 0.5267304182052612 1675
1784275209416 0.29990628361701965 1676
1784275209428 0.4348836839199066 1677
1784275209442 0.21104946732521057 1678
1784275209455 0.47702157497406006 1679
1784275209466 0.24172243475914001 1680
1784275209479 0.27839264273643494 1681
1784275209492 0.3200075030326843 1682
1784275209504 0.31256991624832153 1683
1784275209516 0.5109347105026245 1684
1784275209528 0.38607412576675415 1685
1784275209541 0.1303834319114685 1686
1784275209557 0.321230947971344 1687
1784275209572 0.19749116897583008 1688
1784275209590 0.19893795251846313 1689
1784275209603 0.3162234425544739 1690
1784275209617 0.2589741051197052 1691
1784275209631 0.18076147139072418 1692
1784275209647 0.07287078350782394 1693
1784275209659 0.4641872048377991 1694
1784275209674 0.0920460969209671 1695
1784275209684 0.12256944924592972 1696
1784275209697 0.4539530575275421 1697
1784275209710 0.26946309208869934 1698
1784275209724 0.4295820891857147 1699
1784275209736 0.38701122999191284 1700
1784275209755 0.38796117901802063 1701
1784275209776 0.5242103338241577 1702
1784275209797 0.6525700688362122 1703
1784275209815 0.527229368686676 1704
1784275209830 0.2543126344680786 1705
1784275209844 0.21978241205215454 1706
1784275209860 0.39894503355026245 1707
1784275209874 0.4364052414894104 1708
1784275209886 0.36315909028053284 1709
1784275209900 0.4631885290145874 1710
1784275209913 0.21174168586730957 1711
1784275209924 0.4446013867855072 1712
1784275209938 0.40044742822647095 1713
1784275209950 0.37000295519828796 1714
1784275209965 0.38936468958854675 1715
1784275209978 0.2678488790988922 1716
1784275209991 0.41903483867645264 1717
1784275210005 0.4715479612350464 1718
1784275210016 0.12278591096401215 1719
1784275210030 0.20059767365455627 1720
1784275210043 0.3419553339481354 1721
1784275210058 0.31264275312423706 1722
1784275210072 0.1321462243795395 1723
1784275210086 0.7611701488494873 1724
1784275210098 0.4716810882091522 1725
1784275210111 0.3199939429759979 1726
1784275210124 0.28267204761505127 1727
1784275210135 0.39344698190689087 1728
1784275210147 0.22341373562812805 1729
1784275210160 0.2698350250720978 1730
1784275210174 0.12821315228939056 1731
1784275210190 0.3360936939716339 1732
1784275210204 0.3430159389972687 1733
1784275210219 0.44914156198501587 1734
1784275210235 0.14607691764831543 1735
1784275210248 0.3431338667869568 1736
1784275210261 0.22182194888591766 1737
1784275210274 0.21755294501781464 1738
1784275210286 0.5363175272941589 1739
1784275210300 0.2133266180753708 1740
1784275210315 0.07334062457084656 1741
1784275210327 0.27186501026153564 1742
1784275210339 0.6073480844497681 1743
1784275210354 0.1801632195711136 1744
1784275210367 0.3340524137020111 1745
1784275210380 0.47912344336509705 1746
1784275210394 0.3152400851249695 1747
1784275210407 0.34464606642723083 1748
1784275210427 0.14372707903385162 1749
1784275210447 0.29073262214660645 1750
1784275210462 0.2932397425174713 1751
1784275210478 0.4693390429019928 1752
1784275210491 0.4143633246421814 1753
1784275210505 0.3254830539226532 1754
1784275210516 0.3649536073207855 1755
1784275210528 0.25268855690956116 1756
1784275210542 0.3303430378437042 1757
1784275210556 0.3214561343193054 1758
1784275210569 0.20185507833957672 1759
1784275210582 0.19549345970153809 1760
1784275210597 0.3394223153591156 1761
1784275210612 0.36281493306159973 1762
1784275210626 0.2585957944393158 1763
1784275210638 0.2628205716609955 1764
1784275210649 0.15686939656734467 1765
1784275210662 0.3791966140270233 1766
1784275210675 0.328323096036911 1767
1784275210688 0.36702242493629456 1768
1784275210709 0.5839271545410156 1769
1784275210722 0.49072518944740295 1770
1784275210733 0.22110986709594727 1771
1784275210747 0.20817315578460693 1772
1784275210762 0.8217006921768188 1773
1784275210774 0.20455987751483917 1774
1784275210787 0.26475346088409424 1775
1784275210800 0.2409171313047409 1776
1784275210813 0.2635968029499054 1777
1784275210825 0.35888463258743286 1778
1784275210838 0.37990182638168335 1779
1784275210850 0.5892173051834106 1780
1784275210863 0.24487639963626862 1781
1784275210876 0.36999788880348206 1782
1784275210889 0.13511113822460175 1783
1784275210900 0.737774133682251 1784
1784275210912 0.27228114008903503 1785
1784275210924 0.12167807668447495 1786
1784275210934 0.2314196676015854 1787
1784275210951 0.49801862239837646 1788
1784275210971 0.33839747309684753 1789
1784275210983 0.6827031970024109 1790
1784275210998 0.2225828617811203 1791
1784275211011 0.33249109983444214 1792
1784275211023 0.2134770005941391 1793
1784275211036 0.3990447521209717 1794
1784275211049 0.45593148469924927 1795
1784275211061 0.5701914429664612 1796
1784275211073 0.2715175151824951 1797
1784275211084 0.16672329604625702 1798
1784275211097 0.2682458460330963 1799
1784275211112 0.19485260546207428 1800
1784275211125 0.1622573733329773 1801
1784275211138 0.2963187098503113 1802
1784275211151 0.23650333285331726 1803
1784275211165 0.9473163485527039 1804
1784275211177 0.3174956738948822 1805
1784275211190 0.3241721987724304 1806
1784275211202 0.906949520111084 1807
1784275211215 0.28944727778434753 1808
1784275211230 0.19293004274368286 1809
1784275211245 0.5601255297660828 1810
1784275211257 0.4326312243938446 1811
1784275211269 0.22311432659626007 1812
1784275211282 0.3053014576435089 1813
1784275211295 0.2792505621910095 1814
1784275211308 0.5217189192771912 1815
1784275211321 0.5543743371963501 1816
1784275211335 0.31753435730934143 1817
1784275211347 0.2934059500694275 1818
1784275211360 0.17546440660953522 1819
1784275211372 0.5484654307365417 1820
1784275211384 0.9206203818321228 1821
1784275211396 0.33252647519111633 1822
1784275211409 0.5637624263763428 1823
1784275211421 0.21691127121448517 1824
1784275211434 0.41871944069862366 1825
1784275211446 0.5422308444976807 1826
1784275211457 0.27996569871902466 1827
1784275211469 0.2822842299938202 1828
1784275211481 0.1308053582906723 1829
1784275211493 0.23074838519096375 1830
1784275211505 0.18552613258361816 1831
1784275211516 0.29598334431648254 1832
1784275211528 0.15966607630252838 1833
1784275211539 0.6257258057594299 1834
1784275211551 0.4300950765609741 1835
1784275211563 0.20857523381710052 1836
1784275211576 0.4087860882282257 1837
1784275211588 0.31422844529151917 1838
1784275211600 0.16024264693260193 1839
1784275211612 0.4107089936733246 1840
1784275211624 0.3190882205963135 1841
1784275211636 0.6070677042007446 1842
1784275211648 0.26136451959609985 1843
1784275211660 0.2995116412639618 1844
1784275211672 0.3916984498500824 1845
1784275211686 0.3160340487957001 1846
1784275211698 0.12213630229234695 1847
1784275211710 0.3258448839187622 1848
1784275211722 0.2716120779514313 1849
1784275211732 0.3082059323787689 1850
1784275211743 0.3482367694377899 1851
1784275211754 0.30986109375953674 1852
1784275211765 0.5622797012329102 1853
1784275211777 0.4313950538635254 1854
1784275211789 0.33622950315475464 1855
1784275211803 0.25036659836769104 1856
1784275211818 0.462423712015152 1857
1784275211831 0.5780393481254578 1858
1784275211844 0.48053690791130066 1859
1784275211858 0.40109163522720337 1860
1784275211871 0.4857621192932129 1861
1784275211883 0.5021584033966064 1862
1784275211896 0.13984419405460358 1863
1784275211908 0.42155858874320984 1864
1784275211920 0.26652252674102783 1865
1784275211931 0.21456384658813477 1866
1784275211943 0.14399376511573792 1867
1784275211955 0.4850457012653351 1868
1784275211968 0.10712742060422897 1869
1784275211980 0.2139369696378708 1870
1784275211993 0.46139809489250183 1871
1784275212003 0.3522961139678955 1872
1784275212014 0.3209307789802551 1873
1784275212025 0.32386910915374756 1874
