1784244840913 2.311413288116455 0
1784244840935 2.2769508361816406 1
1784244840953 2.2760462760925293 2
1784244840972 2.1827392578125 3
1784244840996 2.178478479385376 4
1784244841018 2.1263604164123535 5
1784244841035 2.1004528999328613 6
1784244841049 1.9759533405303955 7
1784244841066 2.1255717277526855 8
1784244841086 1.9998953342437744 9
1784244841105 1.9112142324447632 10
1784244841124 1.6861953735351562 11
1784244841146 1.7491973638534546 12
1784244841163 1.7043887376785278 13
1784244841179 1.637566328048706 14
1784244841194 1.7576740980148315 15
1784244841209 1.462912917137146 16
1784244841226 1.5637927055358887 17
1784244841240 1.266915202140808 18
1784244841254 1.4559717178344727 19
1784244841269 1.3993409872055054 20
1784244841289 1.1439330577850342 21
1784244841307 1.4043670892715454 22
1784244841325 1.3709750175476074 23
1784244841345 1.1764938831329346 24
1784244841361 1.2762137651443481 25
1784244841375 1.1362749338150024 26
1784244841389 1.385951280593872 27
1784244841404 0.9684938192367554 28
1784244841422 1.005368709564209 29
1784244841436 1.0882240533828735 30
1784244841452 1.1042208671569824 31
1784244841467 1.103116512298584 32
1784244841483 0.791776180267334 33
1784244841498 1.0275921821594238 34
1784244841514 1.0320194959640503 35
1784244841530 0.7712865471839905 36
1784244841546 0.7059521675109863 37
1784244841562 0.9467118382453918 38
1784244841577 0.8699691891670227 39
1784244841592 0.7911884188652039 40
1784244841606 0.7798245549201965 41
1784244841622 0.899989902973175 42
1784244841638 0.8222398161888123 43
1784244841653 0.8131147027015686 44
1784244841668 0.8204149603843689 45
1784244841682 1.0460922718048096 46
1784244841698 0.7284616231918335 47
1784244841713 0.8521011471748352 48
1784244841728 0.5600082874298096 49
1784244841745 0.6082069277763367 50
1784244841763 0.8360020518302917 51
1784244841779 0.7570204138755798 52
1784244841798 0.5866613388061523 53
1784244841815 0.647524356842041 54
1784244841829 0.6480432748794556 55
1784244841845 0.4851253926753998 56
1784244841868 0.5090899467468262 57
1784244841887 0.7914174795150757 58
1784244841904 0.4566834568977356 59
1784244841919 0.678443193435669 60
1784244841935 0.7869521379470825 61
1784244841951 0.7796727418899536 62
1784244841967 0.6194226741790771 63
1784244841981 0.7323104739189148 64
1784244841997 0.6963764429092407 65
1784244842015 0.9892757534980774 66
1784244842029 0.6469529867172241 67
1784244842046 0.45047274231910706 68
1784244842062 0.45599469542503357 69
1784244842077 0.6499006152153015 70
1784244842090 0.6199542284011841 71
1784244842107 0.43402567505836487 72
1784244842122 0.5555791258811951 73
1784244842139 0.680749773979187 74
1784244842153 0.47539713978767395 75
1784244842168 0.3554089665412903 76
1784244842182 0.7556703090667725 77
1784244842199 0.27551713585853577 78
1784244842215 0.44487035274505615 79
1784244842231 0.350657194852829 80
1784244842246 0.6498323082923889 81
1784244842262 0.5791749358177185 82
1784244842279 0.3816222846508026 83
1784244842294 0.30541306734085083 84
1784244842306 0.4612715542316437 85
1784244842321 0.44781294465065 86
1784244842337 0.5125732421875 87
1784244842353 0.40030401945114136 88
1784244842370 0.7280178666114807 89
1784244842383 0.6748904585838318 90
1784244842399 0.9180216193199158 91
1784244842415 0.4270554184913635 92
1784244842431 0.4891100525856018 93
1784244842446 0.6115610599517822 94
1784244842462 0.88550865650177 95
1784244842480 0.4788611829280853 96
1784244842499 0.48134684562683105 97
1784244842514 0.32373595237731934 98
1784244842533 0.506888747215271 99
1784244842553 0.4758177697658539 100
1784244842569 0.5697152614593506 101
1784244842586 0.49971669912338257 102
1784244842601 0.2536620497703552 103
1784244842616 0.41247454285621643 104
1784244842630 0.520881175994873 105
1784244842646 0.9066546559333801 106
1784244842660 0.3586503267288208 107
1784244842678 0.4307400584220886 108
1784244842696 0.27467435598373413 109
1784244842716 0.49213138222694397 110
1784244842733 0.44454115629196167 111
1784244842749 0.43066635727882385 112
1784244842767 0.6232947707176208 113
1784244842789 0.47876206040382385 114
1784244842809 0.4388454854488373 115
1784244842826 0.3552681803703308 116
1784244842844 0.5372453331947327 117
1784244842857 0.5771641731262207 118
1784244842872 0.7115432024002075 119
1784244842887 0.7491804361343384 120
1784244842909 0.49397027492523193 121
1784244842933 0.4556378722190857 122
1784244842954 0.5459295511245728 123
1784244842978 0.3787815570831299 124
1784244842998 0.6092357635498047 125
1784244843023 0.3910444378852844 126
1784244843048 0.471978098154068 127
1784244843070 0.4927206039428711 128
1784244843093 0.3306434154510498 129
1784244843112 0.3906589448451996 130
1784244843130 0.7078810930252075 131
1784244843147 0.2621488571166992 132
1784244843162 0.8127840161323547 133
1784244843179 0.3827967047691345 134
1784244843194 0.33426856994628906 135
1784244843210 0.44907715916633606 136
1784244843229 0.600512683391571 137
1784244843247 0.25543466210365295 138
1784244843263 0.5651729106903076 139
1784244843282 0.2334725707769394 140
1784244843298 0.7018826603889465 141
1784244843314 0.4154377281665802 142
1784244843330 0.5443048477172852 143
1784244843346 0.5387160181999207 144
1784244843362 0.3182741105556488 145
1784244843379 0.2905914783477783 146
1784244843396 0.49966874718666077 147
1784244843413 0.296670138835907 148
1784244843429 0.3979407548904419 149
1784244843444 0.33537396788597107 150
1784244843459 0.296038955450058 151
1784244843476 0.4933583736419678 152
1784244843492 0.29338929057121277 153
1784244843507 0.6351080536842346 154
1784244843522 1.067644715309143 155
1784244843538 0.2345455288887024 156
1784244843553 0.5383515954017639 157
1784244843569 0.30350640416145325 158
1784244843586 0.3467349708080292 159
1784244843601 0.5884787440299988 160
1784244843616 0.4450075328350067 161
1784244843630 0.4048895537853241 162
1784244843644 0.6214539408683777 163
1784244843657 0.5840623378753662 164
1784244843672 0.5197165608406067 165
1784244843688 0.3135793209075928 166
1784244843702 0.4377633035182953 167
1784244843718 0.6932158470153809 168
1784244843732 0.6147840023040771 169
1784244843748 0.19269774854183197 170
1784244843761 0.7409785389900208 171
1784244843774 0.4457809329032898 172
1784244843789 0.2953258454799652 173
1784244843804 0.6291844248771667 174
1784244843820 0.39056554436683655 175
1784244843836 0.34338346123695374 176
1784244843852 0.7530818581581116 177
1784244843869 0.20314471423625946 178
1784244843887 0.6452711820602417 179
1784244843905 0.4179842472076416 180
1784244843924 0.43373921513557434 181
1784244843946 0.4218720495700836 182
1784244843969 0.45899608731269836 183
1784244843990 0.5736814737319946 184
1784244844005 0.266745388507843 185
1784244844021 0.3704950213432312 186
1784244844042 0.4116765558719635 187
1784244844061 0.3174169659614563 188
1784244844079 0.48907044529914856 189
1784244844114 0.6780217885971069 190
1784244844161 0.4420815110206604 191
1784244844187 0.32722899317741394 192
1784244844217 0.3335145115852356 193
1784244844237 0.4738069176673889 194
1784244844260 0.2652431130409241 195
1784244844283 0.25073426961898804 196
1784244844300 0.4913986027240753 197
1784244844317 0.1677023321390152 198
1784244844337 0.16068151593208313 199
1784244844357 0.547654926776886 200
1784244844372 0.30111461877822876 201
1784244844391 0.696451723575592 202
1784244844406 0.5627235770225525 203
1784244844427 0.6490058898925781 204
1784244844442 0.6032721400260925 205
1784244844459 0.12397696822881699 206
1784244844480 0.4145370423793793 207
1784244844495 0.3625532388687134 208
1784244844511 0.6503952741622925 209
1784244844528 0.15657080709934235 210
1784244844542 0.5515430569648743 211
1784244844557 0.34257790446281433 212
1784244844574 0.4314654469490051 213
1784244844592 0.297574907541275 214
1784244844609 0.40367066860198975 215
1784244844625 0.4460716247558594 216
1784244844640 0.13799120485782623 217
1784244844655 0.5898023247718811 218
1784244844670 0.472761869430542 219
1784244844689 0.633161187171936 220
1784244844709 0.4103940725326538 221
1784244844731 0.3520412743091583 222
1784244844752 0.34875407814979553 223
1784244844769 0.8626989722251892 224
1784244844791 0.4434059262275696 225
1784244844812 0.5344262719154358 226
1784244844832 0.6313885450363159 227
1784244844848 0.2531430423259735 228
1784244844863 0.47479063272476196 229
1784244844878 0.3658207654953003 230
1784244844893 0.2902587950229645 231
1784244844907 0.4638859033584595 232
1784244844921 0.5025400519371033 233
1784244844941 0.21686221659183502 234
1784244844955 0.25943681597709656 235
1784244844970 0.22789572179317474 236
1784244844987 0.2810311019420624 237
1784244845002 0.6494895815849304 238
1784244845018 0.23670755326747894 239
1784244845032 0.1478182077407837 240
1784244845047 0.3564763367176056 241
1784244845062 0.3369280695915222 242
1784244845077 0.5151272416114807 243
1784244845093 0.3138628900051117 244
1784244845109 0.206915482878685 245
1784244845123 0.40121087431907654 246
1784244845136 0.2828202247619629 247
1784244845153 0.45632708072662354 248
1784244845167 0.17610515654087067 249
1784244845182 0.47775691747665405 250
1784244845197 0.20350636541843414 251
1784244845213 0.6231996417045593 252
1784244845230 0.5459511280059814 253
1784244845246 0.25415724515914917 254
1784244845262 0.40318989753723145 255
1784244845277 0.656055212020874 256
1784244845292 0.4722200334072113 257
1784244845305 0.45432984828948975 258
1784244845323 0.40867626667022705 259
1784244845339 0.22671999037265778 260
1784244845355 0.3292995095252991 261
1784244845369 0.22659242153167725 262
1784244845384 0.6398559808731079 263
1784244845398 0.4479072391986847 264
1784244845415 0.2949473261833191 265
1784244845429 0.25514504313468933 266
1784244845443 0.384368896484375 267
1784244845458 0.35829824209213257 268
1784244845475 0.4819048345088959 269
1784244845488 0.8239895701408386 270
1784244845504 0.154617577791214 271
1784244845518 0.20990024507045746 272
1784244845532 0.5945465564727783 273
1784244845546 0.31495049595832825 274
1784244845562 0.17679844796657562 275
1784244845580 0.24374140799045563 276
1784244845598 0.5481511950492859 277
1784244845622 0.2755819261074066 278
1784244845640 0.5021884441375732 279
1784244845655 0.4342955946922302 280
1784244845671 0.3095916211605072 281
1784244845690 0.3363158702850342 282
1784244845705 0.4933430850505829 283
1784244845722 0.22904914617538452 284
1784244845739 0.518395185470581 285
1784244845756 0.3323150873184204 286
1784244845771 0.6743682026863098 287
1784244845800 0.4466184079647064 288
1784244845818 0.44766145944595337 289
1784244845836 0.21916627883911133 290
1784244845852 0.21582190692424774 291
1784244845868 0.39233967661857605 292
1784244845884 0.3991672694683075 293
1784244845900 0.34247472882270813 294
1784244845916 0.3316321074962616 295
1784244845932 0.6407522559165955 296
1784244845948 0.5009881854057312 297
1784244845964 0.24462199211120605 298
1784244845980 0.170190691947937 299
1784244845993 0.45853304862976074 300
1784244846008 0.2288830280303955 301
1784244846022 0.20866313576698303 302
1784244846036 0.3394519090652466 303
1784244846053 0.26150572299957275 304
1784244846070 0.16420622169971466 305
1784244846085 0.40483561158180237 306
1784244846102 0.39095404744148254 307
1784244846120 0.2016168236732483 308
1784244846136 0.2842400074005127 309
1784244846152 0.12762343883514404 310
1784244846169 0.405750036239624 311
1784244846184 0.319375604391098 312
1784244846198 0.4216598570346832 313
1784244846214 0.4013087749481201 314
1784244846229 0.3874386250972748 315
1784244846243 0.5383354425430298 316
1784244846255 0.4889579713344574 317
1784244846271 0.12928341329097748 318
1784244846285 0.29948726296424866 319
1784244846301 0.3134514093399048 320
1784244846317 0.3530477285385132 321
1784244846332 0.5883453488349915 322
1784244846348 0.16634075343608856 323
1784244846363 0.14221908152103424 324
1784244846381 0.31001904606819153 325
1784244846398 0.355386346578598 326
1784244846415 0.3274921178817749 327
1784244846433 0.4290819764137268 328
1784244846451 0.4727514684200287 329
1784244846467 0.31890153884887695 330
1784244846483 0.20909999310970306 331
1784244846498 0.2518004775047302 332
1784244846514 0.5148133039474487 333
1784244846530 0.3122802972793579 334
1784244846545 0.4537496566772461 335
1784244846560 0.19201475381851196 336
1784244846576 0.24952898919582367 337
1784244846596 0.5086641311645508 338
1784244846656 0.43081578612327576 339
1784244846681 0.37479308247566223 340
1784244846698 0.4144788980484009 341
1784244846714 0.35830798745155334 342
1784244846729 0.42329293489456177 343
1784244846745 0.23553074896335602 344
1784244846759 0.27336016297340393 345
1784244846775 0.3353208303451538 346
1784244846790 0.2543800473213196 347
1784244846805 0.7489904761314392 348
1784244846822 0.3036453425884247 349
1784244846835 0.174062117934227 350
1784244846851 0.5536239147186279 351
1784244846868 0.09711797535419464 352
1784244846885 0.23006214201450348 353
1784244846902 0.39700818061828613 354
1784244846916 0.46593403816223145 355
1784244846931 0.39049240946769714 356
1784244846947 0.16236522793769836 357
1784244846965 0.1531142145395279 358
1784244846983 0.28658613562583923 359
1784244846999 0.4006228744983673 360
1784244847015 0.3002261221408844 361
1784244847031 0.3235868215560913 362
1784244847045 0.21250107884407043 363
1784244847063 0.44552209973335266 364
1784244847079 0.1847526580095291 365
1784244847098 0.6383302211761475 366
1784244847115 0.21575666964054108 367
1784244847130 0.25242888927459717 368
1784244847147 0.11107313632965088 369
1784244847164 0.25877702236175537 370
1784244847180 0.256723552942276 371
1784244847195 0.238840252161026 372
1784244847213 0.1958496868610382 373
1784244847230 0.3948979377746582 374
1784244847245 0.3223150074481964 375
1784244847260 0.37406477332115173 376
1784244847277 0.5554836988449097 377
1784244847295 0.40948009490966797 378
1784244847311 0.19689986109733582 379
1784244847328 0.5270168781280518 380
1784244847343 0.5693251490592957 381
1784244847356 0.44218090176582336 382
1784244847371 0.2768239676952362 383
1784244847384 0.2583428621292114 384
1784244847399 0.41854327917099 385
1784244847415 0.5463745594024658 386
1784244847429 0.3016658425331116 387
1784244847442 0.22167544066905975 388
1784244847456 0.5584704875946045 389
1784244847470 0.49883896112442017 390
1784244847483 0.4253830909729004 391
1784244847496 0.5026780962944031 392
1784244847510 0.39619573950767517 393
1784244847525 0.2686934471130371 394
1784244847539 0.09867968410253525 395
1784244847554 0.40650880336761475 396
1784244847572 0.22483159601688385 397
1784244847586 0.4397594928741455 398
1784244847601 0.2956523001194 399
1784244847616 0.42007631063461304 400
1784244847632 0.24435165524482727 401
1784244847648 0.17066042125225067 402
1784244847663 0.2846935987472534 403
1784244847678 0.5414080619812012 404
1784244847692 0.12345364689826965 405
1784244847708 0.1351306289434433 406
1784244847721 0.26674458384513855 407
1784244847741 0.4418240785598755 408
1784244847758 0.18938496708869934 409
1784244847777 0.24901843070983887 410
1784244847886 0.24823524057865143 411
1784244847905 0.39507928490638733 412
1784244847930 0.5662610530853271 413
1784244847960 0.44281479716300964 414
1784244847974 0.565532386302948 415
1784244847995 0.35308828949928284 416
1784244848008 0.5612048506736755 417
1784244848022 0.5518783926963806 418
1784244848036 0.28700709342956543 419
1784244848049 0.7634738683700562 420
1784244848063 0.7207951545715332 421
1784244848078 0.2401352971792221 422
1784244848094 0.3534644842147827 423
1784244848109 0.3997505009174347 424
1784244848123 0.34665656089782715 425
1784244848139 0.24757198989391327 426
1784244848153 0.19178350269794464 427
1784244848168 0.1891431212425232 428
1784244848184 0.24240471422672272 429
1784244848199 0.1760713905096054 430
1784244848216 0.1792920082807541 431
1784244848233 0.19247543811798096 432
1784244848247 0.21804015338420868 433
1784244848262 0.4030553698539734 434
1784244848277 0.4642954170703888 435
1784244848291 0.13254201412200928 436
1784244848305 0.4469303488731384 437
1784244848322 0.4904126524925232 438
1784244848337 0.35392144322395325 439
1784244848350 0.2736988067626953 440
1784244848364 0.6672674417495728 441
1784244848379 0.4721219837665558 442
1784244848394 0.3833390176296234 443
1784244848407 0.26059138774871826 444
1784244848421 0.1220654547214508 445
1784244848435 0.5403586626052856 446
1784244848451 0.20046448707580566 447
1784244848465 0.2917737662792206 448
1784244848481 0.4047449827194214 449
1784244848494 0.35673168301582336 450
1784244848506 0.2314932495355606 451
1784244848520 0.39325958490371704 452
1784244848535 0.2032037228345871 453
1784244848548 0.5886344909667969 454
1784244848562 0.1318638175725937 455
1784244848577 0.5897638201713562 456
1784244848592 0.07455725222826004 457
1784244848608 0.1887921541929245 458
1784244848623 0.4728134572505951 459
1784244848638 0.6557602882385254 460
1784244848659 0.20146679878234863 461
1784244848678 0.37525150179862976 462
1784244848694 0.25423887372016907 463
1784244848710 0.14124874770641327 464
1784244848725 0.37163740396499634 465
1784244848741 0.12418100237846375 466
1784244848755 0.5088127255439758 467
1784244848771 0.3405216932296753 468
1784244848785 0.35599371790885925 469
1784244848800 0.35302209854125977 470
1784244848815 0.2843698561191559 471
1784244848831 0.8151221871376038 472
1784244848846 0.16679327189922333 473
1784244848861 0.1543934941291809 474
1784244848877 0.41285139322280884 475
1784244848894 0.2537105083465576 476
1784244848910 0.3138400912284851 477
1784244848924 0.4961492121219635 478
1784244848941 0.33759981393814087 479
1784244848957 0.2666164040565491 480
1784244848972 0.06722446531057358 481
1784244848987 0.4076937437057495 482
1784244849002 0.1388128399848938 483
1784244849017 0.08330918848514557 484
1784244849031 0.21729114651679993 485
1784244849045 0.3949095606803894 486
1784244849059 0.12673433125019073 487
1784244849072 0.28722435235977173 488
1784244849087 0.1515624225139618 489
1784244849102 0.38213056325912476 490
1784244849116 0.251362144947052 491
1784244849129 0.25849786400794983 492
1784244849142 0.4733446538448334 493
1784244849155 0.5298919081687927 494
1784244849169 0.25078126788139343 495
1784244849212 0.27299657464027405 496
1784244849228 0.040988996624946594 497
1784244849245 0.34496742486953735 498
1784244849262 0.3979032039642334 499
1784244849279 0.12799634039402008 500
1784244849294 0.26805394887924194 501
1784244849309 0.16386935114860535 502
1784244849324 0.07690243422985077 503
1784244849340 0.2645895183086395 504
1784244849355 0.4028768241405487 505
1784244849369 0.2732103765010834 506
1784244849385 0.30991971492767334 507
1784244849401 0.22679613530635834 508
1784244849417 0.2612440288066864 509
1784244849433 0.24384190142154694 510
1784244849447 0.339677095413208 511
1784244849463 0.22616763412952423 512
1784244849478 0.3864555060863495 513
1784244849492 0.31826356053352356 514
1784244849507 0.5449380278587341 515
1784244849523 0.1980128288269043 516
1784244849537 0.19896791875362396 517
1784244849553 0.321873277425766 518
1784244849570 0.35042083263397217 519
1784244849585 0.2913787364959717 520
1784244849598 0.40452438592910767 521
1784244849611 0.2224571853876114 522
1784244849627 0.5925971865653992 523
1784244849643 0.4923555850982666 524
1784244849659 0.3594767451286316 525
1784244849676 0.2626349925994873 526
1784244849693 0.17334385216236115 527
1784244849717 0.13495153188705444 528
1784244849732 0.40118706226348877 529
1784244849747 0.31683436036109924 530
1784244849763 0.4917164444923401 531
1784244849778 0.5503376126289368 532
1784244849792 0.32585808634757996 533
1784244849807 0.16894814372062683 534
1784244849823 0.19757907092571259 535
1784244849838 0.4325789213180542 536
1784244849853 0.16559858620166779 537
1784244849868 0.377482533454895 538
1784244849886 0.4189288020133972 539
1784244849901 0.24062687158584595 540
1784244849916 0.2323266863822937 541
1784244849931 0.5865429639816284 542
1784244849946 0.16731618344783783 543
1784244849962 0.08325295895338058 544
1784244849978 0.4368600845336914 545
1784244849996 0.32360363006591797 546
1784244850010 0.5235645771026611 547
1784244850024 0.38734692335128784 548
1784244850037 0.3361336588859558 549
1784244850052 0.05775042623281479 550
1784244850068 0.22415341436862946 551
1784244850084 0.12510456144809723 552
1784244850101 0.4047817587852478 553
1784244850115 0.33888766169548035 554
1784244850133 0.31932497024536133 555
1784244850149 0.21983402967453003 556
1784244850164 0.18204852938652039 557
1784244850180 0.035928525030612946 558
1784244850196 0.38502979278564453 559
1784244850212 0.3748357594013214 560
1784244850229 0.15582819283008575 561
1784244850244 0.2581447958946228 562
1784244850259 0.4454587399959564 563
1784244850276 0.19244448840618134 564
1784244850291 0.2504000663757324 565
1784244850309 0.19132080674171448 566
1784244850324 0.23042626678943634 567
1784244850338 0.2983606457710266 568
1784244850352 0.1667068600654602 569
1784244850366 0.3150511085987091 570
1784244850381 0.2096833884716034 571
1784244850396 0.11494129151105881 572
1784244850409 0.08489557355642319 573
1784244850423 0.12189007550477982 574
1784244850436 0.20149868726730347 575
1784244850450 0.21785466372966766 576
1784244850465 0.34795942902565 577
1784244850480 0.09316159039735794 578
1784244850495 0.22317244112491608 579
1784244850510 0.12616726756095886 580
1784244850525 0.580767035484314 581
1784244850538 0.17539210617542267 582
1784244850553 0.1739690899848938 583
1784244850568 0.4180372357368469 584
1784244850584 0.15250088274478912 585
1784244850599 0.39933285117149353 586
1784244850614 0.07286486029624939 587
1784244850629 0.23747050762176514 588
1784244850646 0.6985305547714233 589
1784244850660 0.3301161229610443 590
1784244850675 0.5574635863304138 591
1784244850690 0.285075843334198 592
1784244850704 0.49706366658210754 593
1784244850718 0.16377437114715576 594
1784244850734 0.18144984543323517 595
1784244850750 0.29475051164627075 596
1784244850765 0.12762734293937683 597
1784244850779 0.4224160313606262 598
1784244850794 0.280254065990448 599
1784244850809 0.13611681759357452 600
1784244850824 0.4451484978199005 601
1784244850839 0.31548184156417847 602
1784244850853 0.12836988270282745 603
1784244850869 0.22967423498630524 604
1784244850884 0.34330394864082336 605
1784244850897 0.22448626160621643 606
1784244850913 0.1413445621728897 607
1784244850929 0.19472238421440125 608
1784244850948 0.24549908936023712 609
1784244850967 0.24128015339374542 610
1784244850988 0.2583168148994446 611
1784244851004 0.1874494105577469 612
1784244851021 0.40896567702293396 613
1784244851039 0.22359246015548706 614
1784244851059 0.25531211495399475 615
1784244851074 0.21212492883205414 616
1784244851090 0.13562846183776855 617
1784244851104 0.30463844537734985 618
1784244851118 0.3913504481315613 619
1784244851132 0.1531282514333725 620
1784244851146 0.09495032578706741 621
1784244851160 0.19996976852416992 622
1784244851176 0.520437479019165 623
1784244851191 0.10989729315042496 624
1784244851205 0.21821501851081848 625
1784244851220 0.29474499821662903 626
1784244851235 0.24642647802829742 627
1784244851250 0.380265474319458 628
1784244851265 0.3582612872123718 629
1784244851279 0.29580697417259216 630
1784244851295 0.3257325291633606 631
1784244851310 0.3341253399848938 632
1784244851326 0.44327348470687866 633
1784244851341 0.15360678732395172 634
1784244851356 0.24169394373893738 635
1784244851370 0.11176448315382004 636
1784244851383 0.199135422706604 637
1784244851399 0.19151994585990906 638
1784244851415 0.2873355448246002 639
1784244851436 0.20368900895118713 640
1784244851450 0.5533180236816406 641
1784244851465 0.26199695467948914 642
1784244851484 0.2547926902770996 643
1784244851498 0.196995809674263 644
1784244851514 0.22412490844726562 645
1784244851528 0.3301064670085907 646
1784244851543 0.22645960748195648 647
1784244851556 0.4501799941062927 648
1784244851571 0.32318004965782166 649
1784244851586 0.20153573155403137 650
1784244851617 0.3397696912288666 651
1784244851632 0.1561783403158188 652
1784244851646 0.113600954413414 653
1784244851660 0.18317437171936035 654
1784244851676 0.1852787435054779 655
1784244851692 0.14557693898677826 656
1784244851707 0.508021354675293 657
1784244851723 0.08426777273416519 658
1784244851738 0.22285939753055573 659
1784244851754 0.35447433590888977 660
1784244851769 0.5145760178565979 661
1784244851784 0.32663342356681824 662
1784244851799 0.3461984395980835 663
1784244851813 0.13107089698314667 664
1784244851828 0.1494881808757782 665
1784244851843 0.11982748657464981 666
1784244851857 0.459154337644577 667
1784244851870 0.25866955518722534 668
1784244851885 0.20398639142513275 669
1784244851902 0.11073200404644012 670
1784244851917 0.12413115799427032 671
1784244851939 0.20912054181098938 672
1784244851954 0.45422467589378357 673
1784244851975 0.27106165885925293 674
1784244851990 0.18183131515979767 675
1784244852006 0.29997190833091736 676
1784244852021 0.46094995737075806 677
1784244852036 0.40250635147094727 678
1784244852050 0.3407384157180786 679
1784244852064 0.771731436252594 680
1784244852080 0.3834914267063141 681
1784244852095 0.44163328409194946 682
1784244852109 0.2578149139881134 683
1784244852124 0.2957790791988373 684
1784244852140 0.239982470870018 685
1784244852154 0.24145835638046265 686
1784244852168 0.3009535074234009 687
1784244852183 0.25667503476142883 688
1784244852198 0.11483560502529144 689
1784244852212 0.09466437250375748 690
1784244852227 0.3293081820011139 691
1784244852242 0.16385291516780853 692
1784244852255 0.17715124785900116 693
1784244852270 0.23903320729732513 694
1784244852285 0.32998040318489075 695
1784244852299 0.31260016560554504 696
1784244852315 0.22999633848667145 697
1784244852329 0.30583441257476807 698
1784244852344 0.18132303655147552 699
1784244852357 0.2373383492231369 700
1784244852372 0.44477519392967224 701
1784244852387 0.3366599380970001 702
1784244852402 0.20546649396419525 703
1784244852419 0.14407660067081451 704
1784244852433 0.509794294834137 705
1784244852448 0.3320634663105011 706
1784244852463 0.2518256604671478 707
1784244852477 0.1770627349615097 708
1784244852493 0.22279402613639832 709
1784244852508 0.11133113503456116 710
1784244852522 0.3551362156867981 711
1784244852537 0.15037018060684204 712
1784244852550 0.6657677292823792 713
1784244852564 0.3157159388065338 714
1784244852577 0.13076992332935333 715
1784244852592 0.27014416456222534 716
1784244852606 0.475254088640213 717
1784244852621 0.2208317518234253 718
1784244852637 0.115042544901371 719
1784244852652 0.13003681600093842 720
1784244852666 0.23103006184101105 721
1784244852681 0.2854963541030884 722
1784244852697 0.18355333805084229 723
1784244852712 0.6043766140937805 724
1784244852728 0.314089834690094 725
1784244852742 0.18107017874717712 726
1784244852756 0.20375944674015045 727
1784244852771 0.06810024380683899 728
1784244852786 0.28791388869285583 729
1784244852801 0.1854337751865387 730
1784244852816 0.12763677537441254 731
1784244852830 0.3743939697742462 732
1784244852845 0.13780754804611206 733
1784244852860 0.08701487630605698 734
1784244852877 0.13290569186210632 735
1784244852899 0.1038902997970581 736
1784244852917 0.17490845918655396 737
1784244852934 0.12798336148262024 738
1784244852953 0.27530497312545776 739
1784244852971 0.46042561531066895 740
1784244852987 0.1765439659357071 741
1784244853002 0.33922165632247925 742
1784244853018 0.1357957124710083 743
1784244853036 0.3135846257209778 744
1784244853049 0.3068011403083801 745
1784244853066 0.17021140456199646 746
1784244853082 0.22327110171318054 747
1784244853097 0.2897382378578186 748
1784244853113 0.052301060408353806 749
1784244853129 0.08270636945962906 750
1784244853145 0.15264371037483215 751
1784244853160 0.30046844482421875 752
1784244853179 0.2593165338039398 753
1784244853197 0.46035876870155334 754
1784244853214 0.2029695212841034 755
1784244853229 0.17212700843811035 756
1784244853244 0.4912180006504059 757
1784244853261 0.2887271046638489 758
1784244853277 0.2416539192199707 759
1784244853293 0.17357869446277618 760
1784244853309 0.40261563658714294 761
1784244853326 0.17994964122772217 762
1784244853342 0.12596234679222107 763
1784244853358 0.4869407117366791 764
1784244853374 0.3175821304321289 765
1784244853387 0.26794835925102234 766
1784244853402 0.12126364558935165 767
1784244853417 0.285610169172287 768
1784244853432 0.32908129692077637 769
1784244853445 0.05672287940979004 770
1784244853459 0.2933380603790283 771
1784244853473 0.5035176873207092 772
1784244853490 0.2544429302215576 773
1784244853505 0.35647058486938477 774
1784244853520 0.284140408039093 775
1784244853535 0.14535368978977203 776
1784244853549 0.08268831670284271 777
1784244853562 0.1592399924993515 778
1784244853576 0.17649099230766296 779
1784244853590 0.3649018108844757 780
1784244853604 0.267940878868103 781
1784244853620 0.25041159987449646 782
1784244853639 0.12400691211223602 783
1784244853656 0.07602100074291229 784
1784244853673 0.30364593863487244 785
1784244853687 0.03940330073237419 786
1784244853706 0.25373128056526184 787
1784244853724 0.08512328565120697 788
1784244853738 0.408517062664032 789
1784244853752 0.28498759865760803 790
1784244853767 0.2307448834180832 791
1784244853783 0.3446263074874878 792
1784244853798 0.11504438519477844 793
1784244853813 0.24218855798244476 794
1784244853827 0.4120238721370697 795
1784244853842 0.34818822145462036 796
1784244853858 0.15800753235816956 797
1784244853872 0.27985304594039917 798
1784244853887 0.2862396538257599 799
1784244853902 0.11836757510900497 800
1784244853916 0.13662341237068176 801
1784244853930 0.30732429027557373 802
1784244853944 0.15738005936145782 803
1784244853959 0.26433065533638 804
1784244853973 0.2379143089056015 805
1784244853986 0.2062932252883911 806
1784244854002 0.2540892958641052 807
1784244854017 0.24597203731536865 808
1784244854032 0.5064969062805176 809
1784244854046 0.40301424264907837 810
1784244854061 0.22194316983222961 811
1784244854076 0.15518702566623688 812
1784244854093 0.16191041469573975 813
1784244854109 0.13555701076984406 814
1784244854123 0.1296996921300888 815
1784244854140 0.34599602222442627 816
1784244854156 0.11032711714506149 817
1784244854170 0.27269500494003296 818
1784244854185 0.4896574318408966 819
1784244854200 0.2523355185985565 820
1784244854215 0.15426087379455566 821
1784244854230 0.3951159715652466 822
1784244854244 0.20625066757202148 823
1784244854259 0.2750781178474426 824
1784244854274 0.24435001611709595 825
1784244854286 0.2394486516714096 826
1784244854302 0.3219161033630371 827
1784244854318 0.41175851225852966 828
1784244854333 0.08796293288469315 829
1784244854348 0.13831526041030884 830
1784244854362 0.19616630673408508 831
1784244854377 0.23010876774787903 832
1784244854390 0.11555507034063339 833
1784244854408 0.25362950563430786 834
1784244854425 0.16059547662734985 835
1784244854439 0.22059164941310883 836
1784244854451 0.1488867551088333 837
1784244854465 0.09372349083423615 838
1784244854482 0.07137294858694077 839
1784244854496 0.5073884129524231 840
1784244854509 0.30307987332344055 841
1784244854524 0.2668309211730957 842
1784244854539 0.0901360735297203 843
1784244854552 0.18908992409706116 844
1784244854567 0.038369178771972656 845
1784244854582 0.1213659793138504 846
1784244854597 0.23678243160247803 847
1784244854612 0.15520189702510834 848
1784244854627 0.08970637619495392 849
1784244854642 0.44083917140960693 850
1784244854657 0.2272610068321228 851
1784244854671 0.1484483927488327 852
1784244854686 0.20402169227600098 853
1784244854702 0.24335874617099762 854
1784244854716 0.30767565965652466 855
1784244854731 0.1972065418958664 856
1784244854746 0.27490559220314026 857
1784244854761 0.3109370172023773 858
1784244854776 0.39216184616088867 859
1784244854792 0.33773478865623474 860
1784244854808 0.1624378114938736 861
1784244854822 0.3114723563194275 862
1784244854835 0.06225815415382385 863
1784244854848 0.14119741320610046 864
1784244854862 0.4687061309814453 865
1784244854877 0.18212565779685974 866
1784244854892 0.22203271090984344 867
1784244854905 0.4965459704399109 868
1784244854919 0.16673602163791656 869
1784244854932 0.1455838978290558 870
1784244854947 0.1472320556640625 871
1784244854962 0.2670871317386627 872
1784244854977 0.2074347734451294 873
1784244854992 0.13888926804065704 874
1784244855005 0.19293323159217834 875
1784244855019 0.4073803424835205 876
1784244855033 0.3571983575820923 877
1784244855047 0.26324766874313354 878
1784244855064 0.3030826151371002 879
1784244855079 0.34988585114479065 880
1784244855094 0.1104334369301796 881
1784244855110 0.04718862846493721 882
1784244855123 0.31125450134277344 883
1784244855138 0.30296117067337036 884
1784244855151 0.11286190152168274 885
1784244855167 0.1700359582901001 886
1784244855181 0.2682030200958252 887
1784244855196 0.25421538949012756 888
1784244855211 0.28257930278778076 889
1784244855226 0.18860366940498352 890
1784244855240 0.21042662858963013 891
1784244855255 0.183676078915596 892
1784244855271 0.11960350722074509 893
1784244855285 0.3824809193611145 894
1784244855300 0.42447629570961 895
1784244855316 0.547366738319397 896
1784244855331 0.2315056324005127 897
1784244855344 0.1103518083691597 898
1784244855359 0.4244758188724518 899
1784244855373 0.04767577350139618 900
1784244855388 0.43126627802848816 901
1784244855402 0.27044790983200073 902
1784244855417 0.2333231270313263 903
1784244855432 0.08879977464675903 904
1784244855446 0.2904819846153259 905
1784244855461 0.1430928111076355 906
1784244855476 0.42304468154907227 907
1784244855491 0.31954658031463623 908
1784244855505 0.3048919141292572 909
1784244855519 0.08212824910879135 910
1784244855534 0.14290830492973328 911
1784244855549 0.1329493373632431 912
1784244855565 0.28980058431625366 913
1784244855581 0.050753239542245865 914
1784244855596 0.13583342730998993 915
1784244855611 0.3333751857280731 916
1784244855626 0.07227253913879395 917
1784244855642 0.12783649563789368 918
1784244855666 0.32984182238578796 919
1784244855681 0.09290526062250137 920
1784244855695 0.20309242606163025 921
1784244855709 0.34397441148757935 922
1784244855723 0.1721280813217163 923
1784244855736 0.20836104452610016 924
1784244855750 0.2579980790615082 925
1784244855764 0.16937728226184845 926
1784244855778 0.06217775493860245 927
1784244855794 0.07459589093923569 928
1784244855808 0.2961564362049103 929
1784244855824 0.30682826042175293 930
1784244855837 0.06096575781702995 931
1784244855850 0.08367600291967392 932
1784244855865 0.49419739842414856 933
1784244855882 0.11253801733255386 934
1784244855903 0.2885301113128662 935
1784244855926 0.5244566202163696 936
1784244855948 0.0778839960694313 937
1784244855967 0.0283321812748909 938
1784244855985 0.07080945372581482 939
1784244856000 0.2812401056289673 940
1784244856015 0.2868945598602295 941
1784244856032 0.2530229687690735 942
1784244856047 0.1848502904176712 943
1784244856062 0.20315009355545044 944
1784244856076 0.19545358419418335 945
1784244856092 0.5547868013381958 946
1784244856107 0.19999422132968903 947
1784244856123 0.21707502007484436 948
1784244856138 0.0657062977552414 949
1784244856153 0.10450369119644165 950
1784244856167 0.16637974977493286 951
1784244856183 0.32866647839546204 952
1784244856198 0.2351083606481552 953
1784244856212 0.2826242446899414 954
1784244856226 0.1121823638677597 955
1784244856240 0.2470584660768509 956
1784244856253 0.27015045285224915 957
1784244856267 0.04861881956458092 958
1784244856282 0.05894647538661957 959
1784244856298 0.12225741147994995 960
1784244856394 0.1859171986579895 961
1784244856415 0.40531104803085327 962
1784244856436 0.4876403212547302 963
1784244856452 0.15934588015079498 964
1784244856467 0.5402976870536804 965
1784244856485 0.18354305624961853 966
1784244856498 0.2586209177970886 967
1784244856513 0.3044995069503784 968
1784244856527 0.7375664114952087 969
1784244856542 0.07129000872373581 970
1784244856558 0.29318907856941223 971
1784244856573 0.6673293709754944 972
1784244856589 0.2356487512588501 973
1784244856604 0.25970223546028137 974
1784244856619 0.27796682715415955 975
1784244856638 0.20293107628822327 976
1784244856651 0.1145300418138504 977
1784244856668 0.28515201807022095 978
1784244856682 0.11267488449811935 979
1784244856698 0.1679309606552124 980
1784244856714 0.4126654267311096 981
1784244856730 0.22872255742549896 982
1784244856746 0.1603281944990158 983
1784244856762 0.37766045331954956 984
1784244856779 0.1945144385099411 985
1784244856793 0.551318883895874 986
1784244856811 0.3157055079936981 987
1784244856826 0.41186821460723877 988
1784244856842 0.28553545475006104 989
1784244856858 0.14256882667541504 990
1784244856872 0.16487623751163483 991
1784244856887 0.14475929737091064 992
1784244856903 0.39480122923851013 993
1784244856919 0.5219352841377258 994
1784244856938 0.2535703778266907 995
1784244856958 0.059112098067998886 996
1784244856981 0.1569739580154419 997
1784244857001 0.19054658710956573 998
1784244857020 0.061314329504966736 999
1784244857037 0.07077042013406754 1000
1784244857054 0.2871793508529663 1001
1784244857072 0.10917656123638153 1002
1784244857090 0.24158184230327606 1003
1784244857105 0.35619303584098816 1004
1784244857119 0.1943252831697464 1005
1784244857135 0.32698801159858704 1006
1784244857151 0.08743595331907272 1007
1784244857167 0.18494857847690582 1008
1784244857184 0.5156717300415039 1009
1784244857199 0.4440913200378418 1010
1784244857215 0.4636614918708801 1011
1784244857230 0.3741612434387207 1012
1784244857247 0.09780144691467285 1013
1784244857262 0.30475905537605286 1014
1784244857280 0.8741820454597473 1015
1784244857296 0.2788602411746979 1016
1784244857312 0.20672497153282166 1017
1784244857327 0.23966285586357117 1018
1784244857344 0.18763300776481628 1019
1784244857367 0.31051841378211975 1020
1784244857390 0.47738030552864075 1021
1784244857411 0.26744017004966736 1022
1784244857436 0.14352048933506012 1023
1784244857459 0.5129539370536804 1024
1784244857481 0.31975674629211426 1025
1784244857502 0.46187305450439453 1026
1784244857525 0.11572972685098648 1027
1784244857548 0.14922094345092773 1028
1784244857570 0.6333418488502502 1029
1784244857591 0.5121914744377136 1030
1784244857617 0.3095465302467346 1031
1784244857635 0.12354150414466858 1032
1784244857656 0.43843337893486023 1033
1784244857677 0.10102741420269012 1034
1784244857694 0.216162770986557 1035
1784244857713 0.4467787742614746 1036
1784244857728 0.3857097327709198 1037
1784244857744 0.2993241250514984 1038
1784244857758 0.23782049119472504 1039
1784244857774 0.23940035700798035 1040
1784244857790 0.6044719815254211 1041
1784244857804 0.16962720453739166 1042
1784244857819 0.2754511535167694 1043
1784244857833 0.45308825373649597 1044
1784244857849 0.10003163665533066 1045
1784244857862 0.26281359791755676 1046
1784244857877 0.4145623445510864 1047
1784244857892 0.34165218472480774 1048
1784244857907 0.10185997188091278 1049
1784244857921 0.2209465056657791 1050
1784244857936 0.18653464317321777 1051
1784244857951 0.1890169084072113 1052
1784244857966 0.2519676983356476 1053
1784244857981 0.23128707706928253 1054
1784244858000 0.3029100000858307 1055
1784244858023 0.35925760865211487 1056
1784244858048 0.4072028398513794 1057
1784244858068 0.225595623254776 1058
1784244858089 0.5482190847396851 1059
1784244858112 0.24748112261295319 1060
1784244858144 0.25617000460624695 1061
1784244858166 0.3957045376300812 1062
1784244858186 0.14209473133087158 1063
1784244858205 0.18612433969974518 1064
1784244858222 0.3156387209892273 1065
1784244858239 0.43632879853248596 1066
1784244858254 0.09680081158876419 1067
1784244858270 0.38067758083343506 1068
1784244858286 0.48188096284866333 1069
1784244858300 0.11913662403821945 1070
1784244858314 0.17338931560516357 1071
1784244858329 0.2551434636116028 1072
1784244858345 0.16663242876529694 1073
1784244858361 0.13972894847393036 1074
1784244858376 0.17761997878551483 1075
1784244858390 0.05882709100842476 1076
1784244858404 0.11543849110603333 1077
1784244858419 0.3230508267879486 1078
1784244858435 0.26028382778167725 1079
1784244858450 0.21106231212615967 1080
1784244858468 0.2557210624217987 1081
1784244858483 0.1458248347043991 1082
1784244858499 0.14486786723136902 1083
1784244858515 0.14809852838516235 1084
1784244858530 0.3968161642551422 1085
1784244858545 0.1902131289243698 1086
1784244858561 0.07841819524765015 1087
1784244858578 0.2302071452140808 1088
1784244858595 0.2932736277580261 1089
1784244858610 0.23103958368301392 1090
1784244858627 0.10276676714420319 1091
1784244858640 0.0692402571439743 1092
1784244858654 0.16753096878528595 1093
1784244858672 0.4296684265136719 1094
1784244858688 0.263444185256958 1095
1784244858705 0.19795627892017365 1096
1784244858719 0.1834321767091751 1097
1784244858733 0.15525315701961517 1098
1784244858748 0.28336647152900696 1099
1784244858763 0.17436978220939636 1100
1784244858778 0.28068849444389343 1101
1784244858795 0.31121495366096497 1102
1784244858810 0.18199123442173004 1103
1784244858827 0.377252995967865 1104
1784244858843 0.12142514437437057 1105
1784244858857 0.22784368693828583 1106
1784244858869 0.08422233164310455 1107
1784244858886 0.3024858236312866 1108
1784244858901 0.08310753852128983 1109
1784244858917 0.11812141537666321 1110
1784244858933 0.11841603368520737 1111
1784244858949 0.19749373197555542 1112
1784244858965 0.2334730476140976 1113
1784244858982 0.12391930818557739 1114
1784244858996 0.16904179751873016 1115
1784244859010 0.036504000425338745 1116
1784244859025 0.4909343719482422 1117
1784244859039 0.2760792374610901 1118
1784244859054 0.4187133312225342 1119
1784244859068 0.5285816192626953 1120
1784244859085 0.0976439118385315 1121
1784244859101 0.09620851278305054 1122
1784244859116 0.14552447199821472 1123
1784244859132 0.48226726055145264 1124
1784244859147 0.20942190289497375 1125
1784244859161 0.32575544714927673 1126
1784244859176 0.16941995918750763 1127
1784244859191 0.34745433926582336 1128
1784244859206 0.07612308859825134 1129
1784244859218 0.19855032861232758 1130
1784244859232 0.16589044034481049 1131
1784244859247 0.3619176149368286 1132
1784244859261 0.19843441247940063 1133
1784244859276 0.05525606498122215 1134
1784244859294 0.1781679391860962 1135
1784244859312 0.33596494793891907 1136
1784244859331 0.3272750973701477 1137
1784244859348 0.0571444146335125 1138
1784244859366 0.301989883184433 1139
1784244859386 0.1400873363018036 1140
1784244859403 0.3088945150375366 1141
1784244859420 0.10176913440227509 1142
1784244859437 0.3746594190597534 1143
1784244859452 0.5267863273620605 1144
1784244859468 0.14872150123119354 1145
1784244859484 0.09900842607021332 1146
1784244859498 0.45977726578712463 1147
1784244859520 0.17002147436141968 1148
1784244859546 0.3335818946361542 1149
1784244859576 0.22925250232219696 1150
1784244859599 0.1578669548034668 1151
1784244859627 0.3048100471496582 1152
1784244859660 0.2157863825559616 1153
1784244859682 0.2994205951690674 1154
1784244859701 0.210922509431839 1155
1784244859719 0.10465151071548462 1156
1784244859737 0.20148088037967682 1157
1784244859753 0.44904324412345886 1158
1784244859769 0.17987759411334991 1159
1784244859783 0.13448546826839447 1160
1784244859800 0.12107233703136444 1161
1784244859816 0.13217560946941376 1162
1784244859831 0.1392846405506134 1163
1784244859847 0.5011812448501587 1164
1784244859864 0.12514905631542206 1165
1784244859880 0.19025380909442902 1166
1784244859897 0.10733076184988022 1167
1784244859913 0.22784176468849182 1168
1784244859929 0.06916752457618713 1169
1784244859945 0.2547224164009094 1170
1784244859963 0.07364219427108765 1171
1784244859980 0.1304318904876709 1172
1784244859996 0.18047581613063812 1173
1784244860011 0.050455596297979355 1174
1784244860026 0.0381765142083168 1175
1784244860043 0.2419416755437851 1176
1784244860058 0.10228168964385986 1177
1784244860071 0.10472922772169113 1178
1784244860087 0.24025188386440277 1179
1784244860102 0.16149669885635376 1180
1784244860118 0.2430761605501175 1181
1784244860138 0.563136637210846 1182
1784244860155 0.19965070486068726 1183
1784244860171 0.314976304769516 1184
1784244860185 0.06462860852479935 1185
1784244860203 0.382062166929245 1186
1784244860217 0.11577684432268143 1187
1784244860235 0.10738816857337952 1188
1784244860251 0.17982889711856842 1189
1784244860269 0.2310207635164261 1190
1784244860285 0.32082608342170715 1191
1784244860304 0.07011601328849792 1192
1784244860321 0.35670945048332214 1193
1784244860335 0.3440019190311432 1194
1784244860351 0.2878534495830536 1195
1784244860371 0.06838547438383102 1196
1784244860393 0.1258469969034195 1197
1784244860411 0.4149739444255829 1198
1784244860428 0.2989824414253235 1199
1784244860444 0.5137271881103516 1200
1784244860461 0.11060063540935516 1201
1784244860477 0.2999448776245117 1202
1784244860493 0.16221940517425537 1203
1784244860508 0.08761890232563019 1204
1784244860525 0.06886573135852814 1205
1784244860544 0.5374470949172974 1206
1784244860567 0.42501264810562134 1207
1784244860585 0.12642258405685425 1208
1784244860602 0.36962825059890747 1209
1784244860616 0.12070609629154205 1210
1784244860631 0.10778290778398514 1211
1784244860729 0.2666880786418915 1212
1784244860760 0.37205731868743896 1213
1784244860776 0.18601402640342712 1214
1784244860793 0.25511202216148376 1215
1784244860811 0.4048003554344177 1216
1784244860827 0.35996416211128235 1217
1784244860844 0.2241535186767578 1218
1784244860861 0.403404176235199 1219
1784244860878 0.03865259513258934 1220
1784244860897 0.32002702355384827 1221
1784244860916 0.20011018216609955 1222
1784244860934 0.06515845656394958 1223
1784244860960 0.20302966237068176 1224
1784244860989 0.24666334688663483 1225
1784244861020 0.22960367798805237 1226
1784244861046 0.21030385792255402 1227
1784244861075 0.1101192831993103 1228
1784244861102 0.4572230279445648 1229
1784244861125 0.2014162391424179 1230
1784244861158 0.0558321438729763 1231
1784244861176 0.2162146270275116 1232
1784244861193 0.12707354128360748 1233
1784244861210 0.2734721601009369 1234
1784244861227 0.3773551285266876 1235
1784244861243 0.2609264850616455 1236
1784244861261 0.15156397223472595 1237
1784244861277 0.23453912138938904 1238
1784244861294 0.035938359797000885 1239
1784244861311 0.21903854608535767 1240
1784244861328 0.2104668766260147 1241
1784244861344 0.07435473799705505 1242
1784244861361 0.19491276144981384 1243
1784244861377 0.1334208995103836 1244
1784244861394 0.20881521701812744 1245
1784244861410 0.105255626142025 1246
1784244861427 0.09184223413467407 1247
1784244861442 0.4049736261367798 1248
1784244861459 0.33277300000190735 1249
1784244861474 0.31706488132476807 1250
1784244861488 0.1699071228504181 1251
1784244861503 0.11154679208993912 1252
1784244861519 0.15659832954406738 1253
1784244861539 0.2612171173095703 1254
1784244861556 0.15056781470775604 1255
1784244861572 0.3145124316215515 1256
1784244861587 0.09850381314754486 1257
1784244861607 0.13332392275333405 1258
1784244861625 0.14750757813453674 1259
1784244861640 0.27380651235580444 1260
1784244861662 0.1298505663871765 1261
1784244861679 0.2430214136838913 1262
1784244861695 0.27249136567115784 1263
1784244861710 0.25286707282066345 1264
1784244861727 0.11425936967134476 1265
1784244861743 0.3888154923915863 1266
1784244861758 0.25380706787109375 1267
1784244861774 0.059738513082265854 1268
1784244861789 0.12946359813213348 1269
1784244861807 0.3325028419494629 1270
1784244861828 0.10171878337860107 1271
1784244861844 0.05995047837495804 1272
1784244861859 0.5695939064025879 1273
1784244861872 0.0731649398803711 1274
1784244861888 0.2810114622116089 1275
1784244861903 0.2874909043312073 1276
1784244861918 0.374989777803421 1277
1784244861934 0.10245967656373978 1278
1784244861951 0.23486511409282684 1279
1784244861968 0.5815178155899048 1280
1784244861982 0.2227141261100769 1281
1784244861998 0.34205707907676697 1282
1784244862014 0.36889052391052246 1283
1784244862028 0.16663308441638947 1284
1784244862044 0.336783230304718 1285
1784244862060 0.2105601578950882 1286
1784244862076 0.5524484515190125 1287
1784244862092 0.1371975541114807 1288
1784244862105 0.060860343277454376 1289
1784244862118 0.1039130687713623 1290
1784244862134 0.5766300559043884 1291
1784244862149 0.18455184996128082 1292
1784244862165 0.19770117104053497 1293
1784244862180 0.2892343997955322 1294
1784244862196 0.3148886263370514 1295
1784244862211 0.6337175369262695 1296
1784244862227 0.32131990790367126 1297
1784244862243 0.22434736788272858 1298
1784244862260 0.3563305139541626 1299
1784244862274 0.070657879114151 1300
1784244862290 0.1992044895887375 1301
1784244862306 0.22378702461719513 1302
1784244862323 0.36842775344848633 1303
1784244862338 0.05400291457772255 1304
1784244862355 0.3453463017940521 1305
1784244862371 0.249485582113266 1306
1784244862387 0.09217067062854767 1307
1784244862401 0.26296374201774597 1308
1784244862416 0.2674267590045929 1309
1784244862432 0.15300409495830536 1310
1784244862447 0.11244269460439682 1311
1784244862464 0.6759138703346252 1312
1784244862479 0.4612412452697754 1313
1784244862496 0.18492719531059265 1314
1784244862512 0.5536864995956421 1315
1784244862527 0.28944966197013855 1316
1784244862542 0.05024069547653198 1317
1784244862558 0.21665209531784058 1318
1784244862573 0.3208088278770447 1319
1784244862592 0.26647642254829407 1320
1784244862633 0.3932965397834778 1321
1784244862649 0.25877082347869873 1322
1784244862667 0.07636323571205139 1323
1784244862685 0.5210503339767456 1324
1784244862703 0.2804373800754547 1325
1784244862719 0.15629500150680542 1326
1784244862735 0.18283243477344513 1327
1784244862751 0.16969211399555206 1328
1784244862766 0.18364982306957245 1329
1784244862786 0.1761639565229416 1330
1784244862809 0.07428407669067383 1331
1784244862830 0.05671698972582817 1332
1784244862854 0.2886238396167755 1333
1784244862871 0.12667730450630188 1334
1784244862892 0.31932756304740906 1335
1784244862908 0.12408138811588287 1336
1784244862925 0.03654246777296066 1337
1784244862941 0.1057051420211792 1338
1784244862961 0.17771004140377045 1339
1784244862982 0.07449880987405777 1340
1784244863000 0.1376025378704071 1341
1784244863016 0.18819448351860046 1342
1784244863038 0.07879278808832169 1343
1784244863113 0.12924815714359283 1344
1784244863133 0.25142109394073486 1345
1784244863149 0.03540436178445816 1346
1784244863165 0.052015919238328934 1347
1784244863181 0.08724081516265869 1348
1784244863196 0.34101295471191406 1349
1784244863212 0.06950090080499649 1350
1784244863227 0.03520645201206207 1351
1784244863242 0.34451690316200256 1352
1784244863257 0.21142983436584473 1353
1784244863272 0.44279175996780396 1354
1784244863286 0.17111270129680634 1355
1784244863301 0.182665154337883 1356
1784244863318 0.24721293151378632 1357
1784244863335 0.012676680460572243 1358
1784244863354 0.21726667881011963 1359
1784244863371 0.1490442454814911 1360
1784244863387 0.18702071905136108 1361
1784244863401 0.05788455531001091 1362
1784244863420 0.6102200746536255 1363
1784244863442 0.6644619703292847 1364
1784244863459 0.33144816756248474 1365
1784244863476 0.08817676454782486 1366
1784244863491 0.11080610007047653 1367
1784244863508 0.08754242956638336 1368
1784244863525 0.5030601024627686 1369
1784244863542 0.11308037489652634 1370
1784244863558 0.24997031688690186 1371
1784244863576 0.15237025916576385 1372
1784244863589 0.3333692252635956 1373
1784244863605 0.11973687261343002 1374
1784244863620 0.0951935350894928 1375
1784244863636 0.18601684272289276 1376
1784244863652 0.3815946578979492 1377
1784244863668 0.19317029416561127 1378
1784244863684 0.24318534135818481 1379
1784244863697 0.3385963439941406 1380
1784244863710 0.25215083360671997 1381
1784244863725 0.5154831409454346 1382
1784244863739 0.14278246462345123 1383
1784244863754 0.17341889441013336 1384
1784244863768 0.056199319660663605 1385
1784244863782 0.21836449205875397 1386
1784244863797 0.29273930191993713 1387
1784244863812 0.37886762619018555 1388
1784244863826 0.1400420069694519 1389
1784244863841 0.1490248143672943 1390
1784244863854 0.2701675295829773 1391
1784244863869 0.21091727912425995 1392
1784244863883 0.5561653971672058 1393
1784244863898 0.0688025951385498 1394
1784244863921 0.19060808420181274 1395
1784244863936 0.07466621696949005 1396
1784244863956 0.16828835010528564 1397
1784244863971 0.17295518517494202 1398
1784244863990 0.21882013976573944 1399
1784244864015 0.06872422248125076 1400
1784244864036 0.1378713846206665 1401
1784244864058 0.0945378765463829 1402
1784244864083 0.2229989767074585 1403
1784244864103 0.0978587195277214 1404
1784244864127 0.2117691934108734 1405
1784244864149 0.04310145229101181 1406
1784244864167 0.28022751212120056 1407
1784244864188 0.13320857286453247 1408
1784244864209 0.29622218012809753 1409
1784244864231 0.37535709142684937 1410
1784244864250 0.018610535189509392 1411
1784244864269 0.24373061954975128 1412
1784244864288 0.11803632229566574 1413
1784244864315 0.5056102871894836 1414
1784244864332 0.29685139656066895 1415
1784244864349 0.2378830760717392 1416
1784244864364 0.5572412610054016 1417
1784244864378 0.062131281942129135 1418
1784244864393 0.16880418360233307 1419
1784244864407 0.11204486340284348 1420
1784244864422 0.4181884825229645 1421
1784244864437 0.10026908665895462 1422
1784244864453 0.27437832951545715 1423
1784244864469 0.2560506761074066 1424
1784244864484 0.4313306510448456 1425
1784244864500 0.17556239664554596 1426
1784244864516 0.11911580711603165 1427
1784244864532 0.29999181628227234 1428
1784244864544 0.062306713312864304 1429
1784244864563 0.52784264087677 1430
1784244864581 0.14756017923355103 1431
1784244864595 0.1832544207572937 1432
1784244864610 0.16155898571014404 1433
1784244864625 0.27766093611717224 1434
1784244864641 0.14685265719890594 1435
1784244864759 0.19329926371574402 1436
1784244864791 0.40713241696357727 1437
1784244864812 0.2755381166934967 1438
1784244864835 0.11729533225297928 1439
1784244864858 0.10326918959617615 1440
1784244864878 0.25454509258270264 1441
1784244864899 0.27676820755004883 1442
1784244864927 0.18243134021759033 1443
1784244864950 0.1325015127658844 1444
1784244864983 0.4252695143222809 1445
1784244865011 0.435838520526886 1446
1784244865034 0.22819024324417114 1447
1784244865057 0.3091476857662201 1448
1784244865083 0.20423051714897156 1449
1784244865130 0.31212782859802246 1450
1784244865150 0.29453524947166443 1451
1784244865178 0.2686518728733063 1452
1784244865201 0.20125384628772736 1453
1784244865225 0.08933299034833908 1454
1784244865250 0.09580522775650024 1455
1784244865276 0.27569282054901123 1456
1784244865297 0.43707552552223206 1457
1784244865313 0.35894420742988586 1458
1784244865327 0.16006380319595337 1459
1784244865342 0.37863773107528687 1460
1784244865356 0.14425817131996155 1461
1784244865372 0.07790344208478928 1462
1784244865388 0.34632614254951477 1463
1784244865402 0.14192214608192444 1464
1784244865417 0.24035654962062836 1465
1784244865433 0.3594729006290436 1466
1784244865448 0.11466347426176071 1467
1784244865463 0.07351429760456085 1468
1784244865479 0.24039039015769958 1469
1784244865494 0.2614571452140808 1470
1784244865510 0.1347956359386444 1471
1784244865527 0.05427464470267296 1472
1784244865543 0.11996754258871078 1473
1784244865558 0.02888806164264679 1474
1784244865573 0.19199059903621674 1475
1784244865587 0.2158648669719696 1476
1784244865601 0.0798300951719284 1477
1784244865617 0.39855116605758667 1478
1784244865638 0.21319597959518433 1479
1784244865655 0.2645704448223114 1480
1784244865675 0.10995149612426758 1481
1784244865697 0.5423452854156494 1482
1784244865717 0.12289921194314957 1483
1784244865741 0.4766249656677246 1484
1784244865764 0.03410341590642929 1485
1784244865788 0.32273852825164795 1486
1784244865812 0.1074022427201271 1487
1784244865831 0.2583256661891937 1488
1784244865852 0.13860443234443665 1489
1784244865874 0.05869376286864281 1490
1784244865897 0.2295384407043457 1491
1784244865919 0.13969141244888306 1492
1784244865947 0.07287247478961945 1493
1784244865970 0.060104381293058395 1494
1784244865989 0.0861319750547409 1495
1784244866008 0.30223554372787476 1496
1784244866025 0.31913310289382935 1497
1784244866039 0.05541113391518593 1498
1784244866055 0.17865213751792908 1499
1784244866070 0.1706003099679947 1500
1784244866086 0.08045641332864761 1501
1784244866101 0.453662246465683 1502
1784244866120 0.13079865276813507 1503
1784244866144 0.11368867754936218 1504
1784244866167 0.059085480868816376 1505
1784244866191 0.36376848816871643 1506
1784244866210 0.07020926475524902 1507
1784244866229 0.1413542777299881 1508
1784244866253 0.005872286856174469 1509
1784244866275 0.25664857029914856 1510
1784244866295 0.1691315770149231 1511
1784244866320 0.23225468397140503 1512
1784244866337 0.1380411833524704 1513
1784244866351 0.4240904152393341 1514
1784244866366 0.37719759345054626 1515
1784244866384 0.11596816033124924 1516
1784244866399 0.17240150272846222 1517
1784244866414 0.1655779778957367 1518
1784244866429 0.143778994679451 1519
1784244866444 0.05660288780927658 1520
1784244866459 0.2515692710876465 1521
1784244866475 0.0343640111386776 1522
1784244866490 0.027141829952597618 1523
1784244866504 0.07545389980077744 1524
1784244866518 0.07246685028076172 1525
1784244866532 0.17282697558403015 1526
1784244866546 0.31883344054222107 1527
1784244866562 0.23382912576198578 1528
1784244866577 0.23919041454792023 1529
1784244866593 0.20576928555965424 1530
1784244866609 0.1285237818956375 1531
1784244866625 0.22940213978290558 1532
1784244866639 0.5095331072807312 1533
1784244866653 0.11640740931034088 1534
1784244866668 0.11976811289787292 1535
1784244866684 0.21800653636455536 1536
1784244866699 0.1621972918510437 1537
1784244866714 0.018050530925393105 1538
1784244866729 0.153788223862648 1539
1784244866744 0.26577141880989075 1540
1784244866759 0.5541142821311951 1541
1784244866781 0.028883323073387146 1542
1784244866797 0.06198039650917053 1543
1784244866812 0.1932169646024704 1544
1784244866827 0.15775921940803528 1545
1784244866844 0.11291983723640442 1546
1784244866859 0.17811477184295654 1547
1784244866877 0.1504446268081665 1548
1784244866894 0.11128933727741241 1549
1784244866917 0.08490626513957977 1550
1784244866935 0.2803705036640167 1551
1784244866953 0.05549744516611099 1552
1784244866971 0.10639806091785431 1553
1784244866987 0.05891737341880798 1554
1784244867004 0.3170960545539856 1555
1784244867021 0.3612435460090637 1556
1784244867038 0.6635115146636963 1557
1784244867058 0.05467977002263069 1558
1784244867075 0.2279893010854721 1559
1784244867092 0.23234525322914124 1560
1784244867108 0.26290762424468994 1561
1784244867126 0.1843833178281784 1562
1784244867143 0.6245687007904053 1563
1784244867164 0.06496892869472504 1564
1784244867183 0.08861988037824631 1565
1784244867201 0.15257908403873444 1566
1784244867220 0.027299510315060616 1567
1784244867238 0.2738255262374878 1568
1784244867257 0.25045081973075867 1569
1784244867277 0.29536327719688416 1570
1784244867296 0.1070631816983223 1571
1784244867317 0.10761471837759018 1572
1784244867358 0.1145603358745575 1573
1784244867376 0.1354697346687317 1574
1784244867395 0.2911969721317291 1575
1784244867413 0.37095898389816284 1576
1784244867431 0.3064236044883728 1577
1784244867449 0.4507922828197479 1578
1784244867466 0.3398791551589966 1579
1784244867482 0.15046048164367676 1580
1784244867498 0.2080911248922348 1581
1784244867514 0.24121256172657013 1582
1784244867528 0.41060981154441833 1583
1784244867544 0.11017465591430664 1584
1784244867559 0.3101423978805542 1585
1784244867576 0.2894410192966461 1586
1784244867594 0.35977792739868164 1587
1784244867610 0.15630173683166504 1588
1784244867626 0.12827105820178986 1589
1784244867641 0.24961236119270325 1590
1784244867656 0.3364826738834381 1591
1784244867670 0.12928637862205505 1592
1784244867686 0.13148827850818634 1593
1784244867701 0.25571146607398987 1594
1784244867716 0.08848460763692856 1595
1784244867731 0.19144219160079956 1596
1784244867746 0.1346801519393921 1597
1784244867760 0.3924901485443115 1598
1784244867775 0.07255145162343979 1599
1784244867791 0.2841455638408661 1600
1784244867807 0.3398129940032959 1601
1784244867821 0.20039638876914978 1602
1784244867836 0.07615558803081512 1603
1784244867851 0.29191285371780396 1604
1784244867867 0.03197989612817764 1605
1784244867883 0.0635874941945076 1606
1784244867904 0.3452851176261902 1607
1784244867917 0.21448777616024017 1608
1784244867933 0.15612800419330597 1609
1784244867948 0.10798665136098862 1610
1784244867966 0.34240958094596863 1611
1784244867980 0.09894216805696487 1612
1784244867994 0.11860594153404236 1613
1784244868009 0.3480384349822998 1614
1784244868024 0.16936731338500977 1615
1784244868037 0.38613152503967285 1616
1784244868052 0.10922037065029144 1617
1784244868067 0.19580546021461487 1618
1784244868083 0.15180280804634094 1619
1784244868098 0.25277552008628845 1620
1784244868114 0.10345696657896042 1621
1784244868130 0.14926496148109436 1622
1784244868147 0.07624203711748123 1623
1784244868163 0.328362375497818 1624
1784244868178 0.02911636047065258 1625
1784244868193 0.2579716145992279 1626
1784244868209 0.36593759059906006 1627
1784244868224 0.18050603568553925 1628
1784244868239 0.07584699988365173 1629
1784244868253 0.14781679213047028 1630
1784244868268 0.20294708013534546 1631
1784244868283 0.2317313849925995 1632
1784244868300 0.09657781571149826 1633
1784244868315 0.09294405579566956 1634
1784244868331 0.17828629910945892 1635
1784244868345 0.21609178185462952 1636
1784244868359 0.06029842793941498 1637
1784244868375 0.12026587873697281 1638
1784244868391 0.05836270749568939 1639
1784244868407 0.02323099970817566 1640
1784244868423 0.33120766282081604 1641
1784244868438 0.10181833058595657 1642
1784244868452 0.35882896184921265 1643
1784244868467 0.026748085394501686 1644
1784244868483 0.04411264508962631 1645
1784244868498 0.06195734441280365 1646
1784244868513 0.28126421570777893 1647
1784244868528 0.1858336180448532 1648
1784244868542 0.032549139112234116 1649
1784244868557 0.1881621778011322 1650
1784244868572 0.2469976395368576 1651
1784244868587 0.16944468021392822 1652
1784244868601 0.08117718249559402 1653
1784244868616 0.11589115113019943 1654
1784244868631 0.21869303286075592 1655
1784244868644 0.33378851413726807 1656
1784244868658 0.1813821643590927 1657
1784244868674 0.39281904697418213 1658
1784244868688 0.01916416548192501 1659
1784244868705 0.13204094767570496 1660
1784244868719 0.2486449033021927 1661
1784244868733 0.29486286640167236 1662
1784244868750 0.20346872508525848 1663
1784244868765 0.11959021538496017 1664
1784244868781 0.30952200293540955 1665
1784244868798 0.2073296308517456 1666
1784244868814 0.1665518432855606 1667
1784244868830 0.04635974019765854 1668
1784244868844 0.2675626277923584 1669
1784244868859 0.42973291873931885 1670
1784244868874 0.2699531316757202 1671
1784244868890 0.12941281497478485 1672
1784244868907 0.09042458236217499 1673
1784244868925 0.10862762480974197 1674
1784244868942 0.1510610729455948 1675
1784244868959 0.08368106931447983 1676
1784244868972 0.19101032614707947 1677
1784244868989 0.0673912763595581 1678
1784244869004 0.18697020411491394 1679
1784244869018 0.13540378212928772 1680
1784244869033 0.15099743008613586 1681
1784244869048 0.3501700460910797 1682
1784244869062 0.42442840337753296 1683
1784244869075 0.09823755919933319 1684
1784244869091 0.139767587184906 1685
1784244869107 0.0861809030175209 1686
1784244869122 0.07512586563825607 1687
1784244869137 0.18938946723937988 1688
1784244869151 0.31713056564331055 1689
1784244869167 0.019899830222129822 1690
1784244869182 0.31003323197364807 1691
1784244869197 0.07143563777208328 1692
1784244869211 0.4795079231262207 1693
1784244869226 0.021566687151789665 1694
1784244869240 0.12481993436813354 1695
1784244869256 0.058115750551223755 1696
1784244869271 0.17976590991020203 1697
1784244869286 0.10017593204975128 1698
1784244869302 0.26456621289253235 1699
1784244869317 0.1595160812139511 1700
1784244869330 0.1606130599975586 1701
1784244869345 0.07068122923374176 1702
1784244869361 0.49727290868759155 1703
1784244869378 0.07528102397918701 1704
1784244869395 0.12436087429523468 1705
1784244869414 0.07053740322589874 1706
1784244869432 0.3582153618335724 1707
1784244869450 0.09464715421199799 1708
1784244869468 0.2038242369890213 1709
1784244869484 0.17952470481395721 1710
1784244869499 0.027329035103321075 1711
1784244869513 0.1769254058599472 1712
1784244869529 0.04725492373108864 1713
1784244869546 0.04123914614319801 1714
1784244869563 0.17211496829986572 1715
1784244869579 0.07949025183916092 1716
1784244869596 0.28616708517074585 1717
1784244869612 0.7379831671714783 1718
1784244869626 0.3039497137069702 1719
1784244869641 0.0518081896007061 1720
1784244869656 0.21720217168331146 1721
1784244869672 0.061145417392253876 1722
1784244869687 0.026248272508382797 1723
1784244869702 0.04327337071299553 1724
1784244869718 0.03715763986110687 1725
1784244869732 0.2130393087863922 1726
1784244869748 0.26550498604774475 1727
1784244869763 0.18483643233776093 1728
1784244869778 0.08065633475780487 1729
1784244869794 0.08580631017684937 1730
1784244869810 0.06442379206418991 1731
1784244869825 0.14876285195350647 1732
1784244869840 0.05998219549655914 1733
1784244869856 0.05415864288806915 1734
1784244869871 0.12214743345975876 1735
1784244869886 0.03290623798966408 1736
1784244869910 0.4064984917640686 1737
1784244869926 0.2570205628871918 1738
1784244869940 0.037060413509607315 1739
1784244869954 0.23577570915222168 1740
1784244869970 0.26645714044570923 1741
1784244869985 0.03496807441115379 1742
1784244870000 0.06215953454375267 1743
1784244870014 0.2942027747631073 1744
1784244870027 0.016045711934566498 1745
1784244870041 0.16044563055038452 1746
1784244870056 0.04520426690578461 1747
1784244870072 0.02966088242828846 1748
1784244870084 0.29045289754867554 1749
1784244870099 0.32298433780670166 1750
1784244870114 0.05228032171726227 1751
1784244870130 0.21010346710681915 1752
1784244870145 0.3475133180618286 1753
1784244870159 0.14219437539577484 1754
1784244870174 0.15627643465995789 1755
1784244870187 0.26636749505996704 1756
1784244870203 0.042287807911634445 1757
1784244870219 0.18962498009204865 1758
1784244870234 0.08750408887863159 1759
1784244870250 0.21846452355384827 1760
1784244870265 0.23176269233226776 1761
1784244870280 0.2599523663520813 1762
1784244870296 0.17333611845970154 1763
1784244870311 0.18648086488246918 1764
1784244870326 0.2600041627883911 1765
1784244870341 0.0653923824429512 1766
1784244870355 0.08128787577152252 1767
1784244870368 0.25519365072250366 1768
1784244870384 0.4553011953830719 1769
1784244870399 0.3201873302459717 1770
1784244870415 0.18683955073356628 1771
1784244870431 0.2025323510169983 1772
1784244870446 0.05485343933105469 1773
1784244870461 0.14602875709533691 1774
1784244870476 0.2496502697467804 1775
1784244870492 0.07657868415117264 1776
1784244870508 0.07627992331981659 1777
1784244870522 0.06662364304065704 1778
1784244870537 0.2213369756937027 1779
1784244870550 0.04964645206928253 1780
1784244870565 0.3623402714729309 1781
1784244870581 0.3510395884513855 1782
1784244870596 0.060705751180648804 1783
1784244870610 0.04840540885925293 1784
1784244870625 0.1563505083322525 1785
1784244870641 0.0771849974989891 1786
1784244870656 0.017193589359521866 1787
1784244870671 0.11116752028465271 1788
1784244870685 0.1387581080198288 1789
1784244870699 0.3539413511753082 1790
1784244870712 0.06637638807296753 1791
1784244870726 0.07498977333307266 1792
1784244870742 0.026853980496525764 1793
1784244870758 0.08388303965330124 1794
1784244870778 0.09591428935527802 1795
1784244870798 0.1562219262123108 1796
1784244870815 0.06408792734146118 1797
1784244870831 0.10468630492687225 1798
1784244870847 0.15198585391044617 1799
1784244870865 0.08834532648324966 1800
1784244870880 0.27741479873657227 1801
1784244870898 0.1705169677734375 1802
1784244870915 0.4262810945510864 1803
1784244870931 0.04540669918060303 1804
1784244870948 0.10831784456968307 1805
1784244870965 0.16567263007164001 1806
1784244870984 0.08310702443122864 1807
1784244871001 0.07459994405508041 1808
1784244871019 0.14627881348133087 1809
1784244871039 0.2284626066684723 1810
1784244871054 0.1600794792175293 1811
1784244871072 0.058326780796051025 1812
1784244871089 0.05891244858503342 1813
1784244871107 0.06537926942110062 1814
1784244871126 0.2010854184627533 1815
1784244871143 0.08442863076925278 1816
1784244871161 0.30146434903144836 1817
1784244871178 0.06780769675970078 1818
1784244871196 0.37876009941101074 1819
1784244871212 0.06196562200784683 1820
1784244871230 0.13813161849975586 1821
1784244871246 0.14314405620098114 1822
1784244871260 0.1720500886440277 1823
1784244871275 0.24972498416900635 1824
1784244871293 0.053292166441679 1825
1784244871309 0.0506419874727726 1826
1784244871326 0.10493975132703781 1827
1784244871343 0.17465102672576904 1828
1784244871360 0.2829872965812683 1829
1784244871376 0.0438898503780365 1830
1784244871392 0.09461640566587448 1831
1784244871408 0.44269460439682007 1832
1784244871424 0.2211158573627472 1833
1784244871446 0.19521699845790863 1834
1784244871472 0.026116861030459404 1835
1784244871498 0.3146976828575134 1836
1784244871525 0.1256384551525116 1837
1784244871683 0.05845402553677559 1838
1784244871715 0.273830771446228 1839
1784244871763 0.03177544102072716 1840
1784244871784 0.08935809880495071 1841
1784244871809 0.06478667259216309 1842
1784244871831 0.2528473436832428 1843
1784244871854 0.17989838123321533 1844
1784244871880 0.2625390589237213 1845
1784244871903 0.05700431019067764 1846
1784244871925 0.18173456192016602 1847
1784244871941 0.08470356464385986 1848
1784244871958 0.2784874737262726 1849
1784244871975 0.28030213713645935 1850
1784244871992 0.19609807431697845 1851
1784244872011 0.2603999078273773 1852
1784244872027 0.1665584146976471 1853
1784244872044 0.07526001334190369 1854
1784244872061 0.22025549411773682 1855
1784244872079 0.13960345089435577 1856
1784244872097 0.023165849968791008 1857
1784244872118 0.34493589401245117 1858
1784244872145 0.054744210094213486 1859
1784244872165 0.1293659210205078 1860
1784244872183 0.053446076810359955 1861
1784244872202 0.11105885356664658 1862
1784244872222 0.19594433903694153 1863
1784244872243 0.03137979283928871 1864
1784244872261 0.23710042238235474 1865
1784244872279 0.16207368671894073 1866
1784244872298 0.22052477300167084 1867
1784244872337 0.1199108362197876 1868
1784244872370 0.07915708422660828 1869
1784244872393 0.2793341279029846 1870
1784244872418 0.050798315554857254 1871
1784244872441 0.11519312858581543 1872
1784244872463 0.1582738608121872 1873
1784244872484 0.24732404947280884 1874
