1784277093619 2.3133351802825928 0
1784277093635 2.2717337608337402 1
1784277093649 2.2237541675567627 2
1784277093661 2.213799238204956 3
1784277093674 2.163057565689087 4
1784277093687 2.084343433380127 5
1784277093700 2.0665595531463623 6
1784277093715 2.0490989685058594 7
1784277093727 1.956730604171753 8
1784277093739 1.913983702659607 9
1784277093751 1.8421202898025513 10
1784277093765 1.921017050743103 11
1784277093780 1.6288515329360962 12
1784277093794 1.5963813066482544 13
1784277093807 1.4582570791244507 14
1784277093820 1.617621660232544 15
1784277093833 1.387910008430481 16
1784277093846 1.5628609657287598 17
1784277093859 1.410160779953003 18
1784277093874 1.5013999938964844 19
1784277093887 1.4289532899856567 20
1784277093908 1.3614166975021362 21
1784277093921 1.368782639503479 22
1784277093933 1.2932449579238892 23
1784277093945 1.2307170629501343 24
1784277093958 1.1464323997497559 25
1784277093971 1.089119553565979 26
1784277093985 1.0172836780548096 27
1784277093998 1.0673192739486694 28
1784277094014 0.9846884608268738 29
1784277094027 0.8334327340126038 30
1784277094042 1.057374119758606 31
1784277094054 1.0698579549789429 32
1784277094069 0.8016536235809326 33
1784277094083 0.7932717800140381 34
1784277094096 0.6720015406608582 35
1784277094110 0.8857966661453247 36
1784277094123 0.9894773364067078 37
1784277094136 1.1031036376953125 38
1784277094149 0.9170489311218262 39
1784277094164 0.527738630771637 40
1784277094175 0.7741442918777466 41
1784277094190 0.7047934532165527 42
1784277094203 0.666191816329956 43
1784277094216 0.7393935322761536 44
1784277094229 0.5510393381118774 45
1784277094242 0.6864963173866272 46
1784277094255 1.1674232482910156 47
1784277094270 0.8597904443740845 48
1784277094284 0.8156518936157227 49
1784277094297 0.6213144659996033 50
1784277094309 1.0358613729476929 51
1784277094323 0.5858212113380432 52
1784277094336 0.6006124019622803 53
1784277094349 0.6751315593719482 54
1784277094365 0.5136511921882629 55
1784277094378 0.6210890412330627 56
1784277094392 0.8047124147415161 57
1784277094405 0.5984480381011963 58
1784277094419 0.6803268194198608 59
1784277094432 1.0484752655029297 60
1784277094446 0.6772358417510986 61
1784277094458 0.7163958549499512 62
1784277094471 0.5735376477241516 63
1784277094484 0.48576536774635315 64
1784277094497 0.4220610558986664 65
1784277094510 0.4731482267379761 66
1784277094522 0.8048617243766785 67
1784277094536 0.45669591426849365 68
1784277094549 0.407417356967926 69
1784277094563 0.6963504552841187 70
1784277094578 0.7236952781677246 71
1784277094592 0.6037229895591736 72
1784277094606 0.49645134806632996 73
1784277094620 0.47653695940971375 74
1784277094633 0.45678895711898804 75
1784277094647 0.6981922388076782 76
1784277094660 0.6881647109985352 77
1784277094673 0.6352999210357666 78
1784277094687 0.4212419092655182 79
1784277094700 0.4582456648349762 80
1784277094714 0.6542956829071045 81
1784277094727 0.4885946810245514 82
1784277094740 0.4091731309890747 83
1784277094754 0.7195494174957275 84
1784277094768 0.43010956048965454 85
1784277094785 0.5216988325119019 86
1784277094803 0.3612458407878876 87
1784277094818 0.27320596575737 88
1784277094834 0.2780357897281647 89
1784277094848 0.41281381249427795 90
1784277094861 0.42161041498184204 91
1784277094875 0.3678412437438965 92
1784277094890 0.3990720212459564 93
1784277094904 0.6339172124862671 94
1784277094918 0.775496244430542 95
1784277094932 0.37857943773269653 96
1784277094944 0.7403072118759155 97
1784277094959 0.3306812644004822 98
1784277094979 0.4025973975658417 99
1784277094993 0.28830045461654663 100
1784277095005 0.39191845059394836 101
1784277095019 0.586283802986145 102
1784277095032 0.31341955065727234 103
1784277095044 0.6234555840492249 104
1784277095058 0.35304826498031616 105
1784277095072 0.30549517273902893 106
1784277095086 0.41078221797943115 107
1784277095101 0.5516518354415894 108
1784277095114 0.44581595063209534 109
1784277095129 0.26683664321899414 110
1784277095142 0.5152501463890076 111
1784277095155 0.48811525106430054 112
1784277095168 0.3182457983493805 113
1784277095181 0.20990262925624847 114
1784277095196 0.35587331652641296 115
1784277095208 0.75118488073349 116
1784277095222 0.5811501741409302 117
1784277095236 0.5559611320495605 118
1784277095249 0.5096163153648376 119
1784277095261 0.2741493284702301 120
1784277095275 0.7710992693901062 121
1784277095288 0.5747446417808533 122
1784277095301 0.46274590492248535 123
1784277095316 0.8762079477310181 124
1784277095329 0.46007683873176575 125
1784277095342 0.27587902545928955 126
1784277095361 0.9628466367721558 127
1784277095374 0.9270849227905273 128
1784277095388 0.7195159792900085 129
1784277095401 0.6976128816604614 130
1784277095414 0.8520296812057495 131
1784277095427 0.43760430812835693 132
1784277095440 0.37675389647483826 133
1784277095453 0.38784533739089966 134
1784277095466 0.34497538208961487 135
1784277095479 0.4602700471878052 136
1784277095490 0.24050383269786835 137
1784277095503 0.32754164934158325 138
1784277095517 0.5539304614067078 139
1784277095530 0.8090882301330566 140
1784277095543 0.24158808588981628 141
1784277095557 0.18587419390678406 142
1784277095571 0.3808255195617676 143
1784277095584 0.5296666622161865 144
1784277095596 0.46480879187583923 145
1784277095610 0.41571044921875 146
1784277095624 0.5839532017707825 147
1784277095640 0.3555583357810974 148
1784277095653 0.5456981658935547 149
1784277095667 0.6119634509086609 150
1784277095682 0.4976845383644104 151
1784277095695 0.7960823178291321 152
1784277095709 0.5073094964027405 153
1784277095723 0.7141087055206299 154
1784277095736 0.4393361806869507 155
1784277095751 0.4147646725177765 156
1784277095764 0.38684022426605225 157
1784277095778 0.846699059009552 158
1784277095792 0.6152226328849792 159
1784277095807 0.5295814275741577 160
1784277095820 0.5837414264678955 161
1784277095833 0.5146535634994507 162
1784277095845 0.6283606886863708 163
1784277095858 0.6050166487693787 164
1784277095872 0.9007240533828735 165
1784277095887 0.3804006576538086 166
1784277095901 0.5179293155670166 167
1784277095916 0.3949739336967468 168
1784277095930 0.25601592659950256 169
1784277095942 0.5313084125518799 170
1784277095954 0.5426209568977356 171
1784277095968 0.24287444353103638 172
1784277095982 0.49490004777908325 173
1784277095995 0.4691712260246277 174
1784277096008 0.5324705243110657 175
1784277096021 0.24577073752880096 176
1784277096034 0.392814576625824 177
1784277096049 0.31448519229888916 178
1784277096064 0.5034187436103821 179
1784277096076 0.4127160906791687 180
1784277096088 0.3468352258205414 181
1784277096101 0.361606627702713 182
1784277096115 0.936553955078125 183
1784277096128 0.7527487874031067 184
1784277096141 0.6421917676925659 185
1784277096154 0.19500766694545746 186
1784277096168 0.44536638259887695 187
1784277096181 0.3198700547218323 188
1784277096193 0.527942419052124 189
1784277096206 0.3809429407119751 190
1784277096219 0.47060099244117737 191
1784277096232 0.3641595244407654 192
1784277096244 0.5475670695304871 193
1784277096257 0.24162253737449646 194
1784277096270 0.3432275056838989 195
1784277096284 0.4756574332714081 196
1784277096297 0.5751346349716187 197
1784277096310 0.3674527704715729 198
1784277096324 0.34708210825920105 199
1784277096337 0.6714962720870972 200
1784277096350 0.23287707567214966 201
1784277096363 0.42449259757995605 202
1784277096378 0.11885474622249603 203
1784277096391 0.43329834938049316 204
1784277096405 0.726830244064331 205
1784277096419 0.46771106123924255 206
1784277096433 0.47807517647743225 207
1784277096446 0.45729196071624756 208
1784277096458 0.5373992919921875 209
1784277096471 0.8247998952865601 210
1784277096484 0.7572112679481506 211
1784277096497 0.18514195084571838 212
1784277096510 0.4263249337673187 213
1784277096523 0.5446110367774963 214
1784277096536 0.7505362033843994 215
1784277096549 0.4962054491043091 216
1784277096561 0.7264127731323242 217
1784277096574 0.444743275642395 218
1784277096587 0.41963818669319153 219
1784277096601 0.387430340051651 220
1784277096615 0.340096652507782 221
1784277096626 0.4157314896583557 222
1784277096640 0.16771215200424194 223
1784277096653 0.43773671984672546 224
1784277096667 0.27282336354255676 225
1784277096679 0.7127332091331482 226
1784277096691 0.32683175802230835 227
1784277096705 0.33260220289230347 228
1784277096717 0.3451293408870697 229
1784277096731 0.1981690376996994 230
1784277096748 0.5108539462089539 231
1784277096761 0.344014972448349 232
1784277096774 0.23192951083183289 233
1784277096788 0.3448057770729065 234
1784277096801 0.4698333740234375 235
1784277096814 0.3219205439090729 236
1784277096828 0.49224719405174255 237
1784277096841 0.46467575430870056 238
1784277096855 0.2917678952217102 239
1784277096868 0.3119930028915405 240
1784277096881 0.3115946054458618 241
1784277096893 0.27850642800331116 242
1784277096906 0.34602776169776917 243
1784277096919 0.3020957112312317 244
1784277096932 0.42988550662994385 245
1784277096944 0.4501703977584839 246
1784277096956 0.30197247862815857 247
1784277096971 0.1844773143529892 248
1784277096986 0.42662763595581055 249
1784277097001 0.5891250371932983 250
1784277097018 0.1913095861673355 251
1784277097032 0.3150267004966736 252
1784277097051 0.274797648191452 253
1784277097067 0.3993249535560608 254
1784277097081 0.5003048777580261 255
1784277097095 0.43608981370925903 256
1784277097109 0.4193001091480255 257
1784277097122 0.3153788447380066 258
1784277097136 0.20895130932331085 259
1784277097149 0.4412926137447357 260
1784277097161 0.18449527025222778 261
1784277097174 0.7106873989105225 262
1784277097190 0.5684710741043091 263
1784277097204 0.2644272744655609 264
1784277097220 0.22897672653198242 265
1784277097234 0.10067956149578094 266
1784277097247 0.6949992179870605 267
1784277097260 0.19266603887081146 268
1784277097274 0.2409413754940033 269
1784277097288 0.29660263657569885 270
1784277097302 0.3227791488170624 271
1784277097318 0.3039492070674896 272
1784277097331 0.24825912714004517 273
1784277097344 0.3885352611541748 274
1784277097357 0.23303838074207306 275
1784277097371 0.45644161105155945 276
1784277097385 0.7841507196426392 277
1784277097398 0.3629789650440216 278
1784277097411 0.3874600827693939 279
1784277097424 0.2933763265609741 280
1784277097438 0.2767459750175476 281
1784277097451 0.6672330498695374 282
1784277097465 0.5735399127006531 283
1784277097478 0.5726522207260132 284
1784277097492 0.15931227803230286 285
1784277097504 0.3055545389652252 286
1784277097519 0.1642497479915619 287
1784277097532 0.22291620075702667 288
1784277097546 0.3298012912273407 289
1784277097562 0.29002058506011963 290
1784277097575 0.5219485759735107 291
1784277097588 0.3479677140712738 292
1784277097601 0.5676091909408569 293
1784277097614 0.3380400538444519 294
1784277097627 0.27522748708724976 295
1784277097639 0.7625324726104736 296
1784277097651 0.22693635523319244 297
1784277097666 0.32173746824264526 298
1784277097678 0.5837924480438232 299
1784277097691 0.4253779947757721 300
1784277097705 0.5285859704017639 301
1784277097718 0.306032657623291 302
1784277097732 0.2305603176355362 303
1784277097744 0.4369274079799652 304
1784277097757 0.39709895849227905 305
1784277097769 0.40451672673225403 306
1784277097783 0.2901768982410431 307
1784277097796 0.28516119718551636 308
1784277097809 0.40696194767951965 309
1784277097822 0.300297349691391 310
1784277097837 0.23218056559562683 311
1784277097850 0.670034646987915 312
1784277097863 0.254061222076416 313
1784277097875 0.192683145403862 314
1784277097890 0.6725190281867981 315
1784277097903 0.26024335622787476 316
1784277097917 0.21858619153499603 317
1784277097931 0.10072317719459534 318
1784277097943 0.1408747434616089 319
1784277097957 0.12992458045482635 320
1784277097972 0.34652066230773926 321
1784277097985 0.525210976600647 322
1784277097998 0.06915788352489471 323
1784277098010 0.6616082787513733 324
1784277098023 0.5033013224601746 325
1784277098036 0.41925567388534546 326
1784277098049 0.2981090545654297 327
1784277098062 0.31163325905799866 328
1784277098075 0.5282381772994995 329
1784277098089 0.12807363271713257 330
1784277098104 0.18708638846874237 331
1784277098117 0.40917032957077026 332
1784277098131 0.3038786053657532 333
1784277098143 0.19451235234737396 334
1784277098156 0.1740080714225769 335
1784277098170 0.1261739283800125 336
1784277098183 0.3727351427078247 337
1784277098197 0.5269141793251038 338
1784277098208 0.44708573818206787 339
1784277098222 0.6209359765052795 340
1784277098234 0.48600250482559204 341
1784277098247 0.3023392856121063 342
1784277098260 0.4364289939403534 343
1784277098278 0.21026022732257843 344
1784277098291 0.6796271204948425 345
1784277098304 0.28116726875305176 346
1784277098318 0.17054934799671173 347
1784277098331 0.21394510567188263 348
1784277098343 0.4874373972415924 349
1784277098356 0.4356503486633301 350
1784277098369 0.24517560005187988 351
1784277098382 0.3473634421825409 352
1784277098396 0.5301659107208252 353
1784277098408 0.6088294386863708 354
1784277098421 0.32609960436820984 355
1784277098435 0.36654895544052124 356
1784277098449 0.49124225974082947 357
1784277098462 0.38058003783226013 358
1784277098476 0.19099731743335724 359
1784277098488 0.491454154253006 360
1784277098502 0.3550582230091095 361
1784277098516 0.38464510440826416 362
1784277098528 0.3093154728412628 363
1784277098542 0.2643093168735504 364
1784277098555 0.24879303574562073 365
1784277098569 0.34328266978263855 366
1784277098640 0.3025882840156555 367
1784277098661 0.44627082347869873 368
1784277098674 0.4895320236682892 369
1784277098687 0.20661450922489166 370
1784277098701 0.26038020849227905 371
1784277098714 0.30631303787231445 372
1784277098728 0.1236814558506012 373
1784277098743 0.2195478081703186 374
1784277098757 0.4542253017425537 375
1784277098772 0.39129316806793213 376
1784277098785 0.08062547445297241 377
1784277098799 0.46476060152053833 378
1784277098813 0.49473753571510315 379
1784277098826 0.3457454741001129 380
1784277098839 0.04925224184989929 381
1784277098852 0.5831000804901123 382
1784277098871 0.49157458543777466 383
1784277098885 0.1283966600894928 384
1784277098899 0.1766645312309265 385
1784277098912 0.18204347789287567 386
1784277098925 0.36138421297073364 387
1784277098938 0.33986684679985046 388
1784277098951 0.3435390591621399 389
1784277098964 0.6759305000305176 390
1784277098976 0.23108553886413574 391
1784277098991 0.22037914395332336 392
1784277099005 0.3082599937915802 393
1784277099020 0.3799489140510559 394
1784277099032 0.3110603392124176 395
1784277099045 0.2366851568222046 396
1784277099057 0.6457464098930359 397
1784277099071 0.4281134307384491 398
1784277099086 0.19653557240962982 399
1784277099101 0.19164687395095825 400
1784277099113 0.11125320196151733 401
1784277099126 0.2889229953289032 402
1784277099139 0.16979241371154785 403
1784277099151 0.1101473867893219 404
1784277099165 0.25975868105888367 405
1784277099177 0.5059927701950073 406
1784277099190 0.3169959485530853 407
1784277099205 0.14613598585128784 408
1784277099222 0.15238235890865326 409
1784277099237 0.4354199469089508 410
1784277099252 0.29224467277526855 411
1784277099267 0.4445192217826843 412
1784277099281 0.46897491812705994 413
1784277099295 0.1923668086528778 414
1784277099308 0.05208034813404083 415
1784277099321 0.5688124299049377 416
1784277099338 0.41816478967666626 417
1784277099351 0.06152136251330376 418
1784277099365 0.07589378207921982 419
1784277099377 0.487623006105423 420
1784277099390 0.3785460591316223 421
1784277099404 0.22837704420089722 422
1784277099417 0.144948348402977 423
1784277099429 0.12261536717414856 424
1784277099441 0.06282825022935867 425
1784277099453 0.1715681105852127 426
1784277099466 0.28077059984207153 427
1784277099477 0.26837804913520813 428
1784277099491 0.4076748192310333 429
1784277099504 0.6572275757789612 430
1784277099517 0.3022560775279999 431
1784277099531 0.16340212523937225 432
1784277099543 0.21875907480716705 433
1784277099557 0.35594362020492554 434
1784277099570 0.3415180444717407 435
1784277099583 0.5419638156890869 436
1784277099596 0.36880141496658325 437
1784277099609 0.5530344843864441 438
1784277099621 0.33165672421455383 439
1784277099635 0.2615584433078766 440
1784277099647 0.3969208896160126 441
1784277099660 0.16933394968509674 442
1784277099673 0.23727622628211975 443
1784277099689 0.3888116776943207 444
1784277099701 0.45952969789505005 445
1784277099715 0.24879774451255798 446
1784277099727 0.1971992701292038 447
1784277099740 0.17652104794979095 448
1784277099755 0.42404404282569885 449
1784277099767 0.5681210160255432 450
1784277099779 0.5539155006408691 451
1784277099791 0.29287996888160706 452
1784277099805 0.3005584478378296 453
1784277099818 0.27179819345474243 454
1784277099829 0.21999678015708923 455
1784277099842 0.3029196858406067 456
1784277099856 0.4809146523475647 457
1784277099869 0.4398171007633209 458
1784277099883 0.2547523081302643 459
1784277099896 0.713133692741394 460
1784277099908 0.4817708730697632 461
1784277099921 0.8092365264892578 462
1784277099935 0.33126479387283325 463
1784277099948 0.18910865485668182 464
1784277099960 0.23619036376476288 465
1784277099974 0.19915232062339783 466
1784277099988 0.5016600489616394 467
1784277100002 0.2860276997089386 468
1784277100015 0.20857614278793335 469
1784277100028 0.3523527681827545 470
1784277100040 0.48089298605918884 471
1784277100052 0.11024673283100128 472
1784277100066 0.12891006469726562 473
1784277100078 0.1511191576719284 474
1784277100090 0.4538457691669464 475
1784277100104 0.31679806113243103 476
1784277100117 0.405376136302948 477
1784277100132 0.4509155750274658 478
1784277100145 0.25522205233573914 479
1784277100162 0.17598538100719452 480
1784277100174 0.30131033062934875 481
1784277100188 0.33555787801742554 482
1784277100201 0.34069979190826416 483
1784277100215 0.1556522697210312 484
1784277100228 0.3044203519821167 485
1784277100242 0.2935715317726135 486
1784277100254 0.7976194620132446 487
1784277100267 0.17357058823108673 488
1784277100279 0.2054838240146637 489
1784277100292 0.47497838735580444 490
1784277100305 0.0851418524980545 491
1784277100318 0.7012448906898499 492
1784277100331 0.39946186542510986 493
1784277100343 0.5528455376625061 494
1784277100357 0.24844500422477722 495
1784277100371 0.39749160408973694 496
1784277100386 0.3062761127948761 497
1784277100399 0.2405809909105301 498
1784277100411 0.14564576745033264 499
1784277100423 0.226944699883461 500
1784277100437 0.36751633882522583 501
1784277100450 0.23829805850982666 502
1784277100464 0.5194812417030334 503
1784277100476 0.6071193814277649 504
1784277100488 0.2969147562980652 505
1784277100501 0.3571486473083496 506
1784277100516 0.3405740559101105 507
1784277100528 0.2955629825592041 508
1784277100541 0.04085158556699753 509
1784277100554 0.09507089108228683 510
1784277100567 0.09444493800401688 511
1784277100579 0.4251997470855713 512
1784277100591 0.5195425152778625 513
1784277100604 0.3945016860961914 514
1784277100617 0.5175788402557373 515
1784277100632 0.34505409002304077 516
1784277100645 0.1390291452407837 517
1784277100658 0.4236416816711426 518
1784277100671 0.20244447886943817 519
1784277100684 0.07939548045396805 520
1784277100698 0.3665226697921753 521
1784277100711 0.13714413344860077 522
1784277100724 0.2013799399137497 523
1784277100738 0.4017237722873688 524
1784277100752 0.4416857361793518 525
1784277100769 0.17149420082569122 526
1784277100783 0.14044207334518433 527
1784277100796 0.22708873450756073 528
1784277100808 0.646468460559845 529
1784277100821 0.5285828113555908 530
1784277100833 0.16830867528915405 531
1784277100846 0.2452603429555893 532
1784277100859 0.2540796101093292 533
1784277100871 0.3708178997039795 534
1784277100884 0.3122965693473816 535
1784277100898 0.26494404673576355 536
1784277100912 0.20279553532600403 537
1784277100925 0.37248390913009644 538
1784277100938 0.2949778139591217 539
1784277100951 0.3732329308986664 540
1784277100964 0.22062690556049347 541
1784277100979 0.1587432473897934 542
1784277100991 0.18535853922367096 543
1784277101005 0.17539729177951813 544
1784277101019 0.695795476436615 545
1784277101032 0.3409612476825714 546
1784277101044 0.44261273741722107 547
1784277101057 0.2943810522556305 548
1784277101070 0.3990606963634491 549
1784277101083 0.19039589166641235 550
1784277101096 0.19311977922916412 551
1784277101108 0.3689001500606537 552
1784277101121 0.26066040992736816 553
1784277101135 0.3083591163158417 554
1784277101149 0.06457147747278214 555
1784277101163 0.33877864480018616 556
1784277101176 0.35545042157173157 557
1784277101190 0.06962686032056808 558
1784277101203 0.15438993275165558 559
1784277101216 0.2365468293428421 560
1784277101231 0.5301823616027832 561
1784277101244 0.37940672039985657 562
1784277101258 0.4754689633846283 563
1784277101273 0.23447823524475098 564
1784277101286 0.22077153623104095 565
1784277101300 0.1828666478395462 566
1784277101312 0.09959806501865387 567
1784277101327 0.12131137400865555 568
1784277101340 0.09458364546298981 569
1784277101355 0.3002125322818756 570
1784277101371 0.2501238286495209 571
1784277101385 0.18765804171562195 572
1784277101399 0.17859897017478943 573
1784277101413 0.3105475604534149 574
1784277101428 0.4431076943874359 575
1784277101445 0.21873220801353455 576
1784277101463 0.19036169350147247 577
1784277101480 0.3869318962097168 578
1784277101496 0.09543883055448532 579
1784277101509 0.36353492736816406 580
1784277101526 0.21114441752433777 581
1784277101540 0.19769833981990814 582
1784277101555 0.5256147384643555 583
1784277101570 0.0987720862030983 584
1784277101587 0.0995393842458725 585
1784277101601 0.4323452413082123 586
1784277101614 0.36134546995162964 587
1784277101627 0.3132379353046417 588
1784277101639 0.19706091284751892 589
1784277101652 0.14928385615348816 590
1784277101666 0.21940813958644867 591
1784277101679 0.3393454849720001 592
1784277101693 0.051116228103637695 593
1784277101707 0.6802870631217957 594
1784277101721 0.2058715671300888 595
1784277101733 0.31469297409057617 596
1784277101746 0.3912670314311981 597
1784277101761 0.1983632743358612 598
1784277101775 0.540603756904602 599
1784277101790 0.6725316047668457 600
1784277101803 0.5520604252815247 601
1784277101818 0.5291638970375061 602
1784277101831 0.4535045623779297 603
1784277101845 0.46538102626800537 604
1784277101857 0.22314763069152832 605
1784277101871 0.3612481355667114 606
1784277101886 0.23110708594322205 607
1784277101900 0.25659921765327454 608
1784277101913 0.13713178038597107 609
1784277101925 0.29495617747306824 610
1784277101940 0.40791434049606323 611
1784277101953 0.09959358721971512 612
1784277101966 0.25574877858161926 613
1784277101978 0.19920030236244202 614
1784277101991 0.5189909934997559 615
1784277102005 0.284580260515213 616
1784277102019 0.37434566020965576 617
1784277102032 0.4613895118236542 618
1784277102046 0.2510671615600586 619
1784277102059 0.2892131507396698 620
1784277102073 0.3966657221317291 621
1784277102086 0.2228473424911499 622
1784277102099 0.4151966869831085 623
1784277102111 0.25354820489883423 624
1784277102124 0.436540424823761 625
1784277102139 0.09662297368049622 626
1784277102152 0.15868966281414032 627
1784277102166 0.26447173953056335 628
1784277102179 0.27157071232795715 629
1784277102192 0.13578148186206818 630
1784277102205 0.10484308749437332 631
1784277102219 0.4659079611301422 632
1784277102232 0.17155985534191132 633
1784277102245 0.3368385434150696 634
1784277102258 0.31946274638175964 635
1784277102271 0.21140925586223602 636
1784277102284 0.11930889636278152 637
1784277102297 0.27490490674972534 638
1784277102310 0.5078096985816956 639
1784277102323 0.6088150143623352 640
1784277102335 0.22150862216949463 641
1784277102349 0.2574631869792938 642
1784277102363 0.3864196538925171 643
1784277102376 0.35557737946510315 644
1784277102392 0.12604404985904694 645
1784277102407 0.11109532415866852 646
1784277102421 0.3296830654144287 647
1784277102435 0.16567052900791168 648
1784277102448 0.1754145622253418 649
1784277102461 0.2562239170074463 650
1784277102474 0.07688266783952713 651
1784277102487 0.12514205276966095 652
1784277102499 0.18595854938030243 653
1784277102514 0.2488151490688324 654
1784277102530 0.07096832990646362 655
1784277102543 0.3230583667755127 656
1784277102556 0.6704241037368774 657
1784277102570 0.10980167984962463 658
1784277102584 0.2229127585887909 659
1784277102597 0.12162882089614868 660
1784277102611 0.20370489358901978 661
1784277102626 0.6410835981369019 662
1784277102639 0.5501725673675537 663
1784277102651 0.43882909417152405 664
1784277102663 0.13543947041034698 665
1784277102675 0.2892475128173828 666
1784277102689 0.11811057478189468 667
1784277102703 0.38890179991722107 668
1784277102717 0.255054235458374 669
1784277102730 0.10709431767463684 670
1784277102743 0.46908822655677795 671
1784277102756 0.3193839490413666 672
1784277102769 0.31951212882995605 673
1784277102782 0.17076146602630615 674
1784277102795 0.33405250310897827 675
1784277102808 0.17679840326309204 676
1784277102821 0.14000557363033295 677
1784277102833 0.3953839838504791 678
1784277102854 0.571992039680481 679
1784277102867 0.17350810766220093 680
1784277102879 0.34124496579170227 681
1784277102907 0.19367364048957825 682
1784277102921 0.25124192237854004 683
1784277102933 0.24703386425971985 684
1784277102947 0.07549459487199783 685
1784277102959 0.4424087107181549 686
1784277102973 0.23465673625469208 687
1784277102987 0.36015820503234863 688
1784277103002 0.32808205485343933 689
1784277103015 0.19820238649845123 690
1784277103027 0.280320942401886 691
1784277103040 0.11609705537557602 692
1784277103053 0.09947622567415237 693
1784277103067 0.3128148317337036 694
1784277103079 0.4211612343788147 695
1784277103092 0.13089369237422943 696
1784277103108 0.33788394927978516 697
1784277103123 0.5070934891700745 698
1784277103135 0.3573048710823059 699
1784277103149 0.35411909222602844 700
1784277103160 0.25235533714294434 701
1784277103174 0.43893399834632874 702
1784277103187 0.068582683801651 703
1784277103201 0.38349074125289917 704
1784277103215 0.46119362115859985 705
1784277103227 0.3081868290901184 706
1784277103240 0.41362130641937256 707
1784277103254 0.2835838496685028 708
1784277103267 0.2729324400424957 709
1784277103281 0.41912582516670227 710
1784277103294 0.1292543113231659 711
1784277103307 0.11809773743152618 712
1784277103320 0.4930992126464844 713
1784277103332 0.4888036251068115 714
1784277103345 0.16936708986759186 715
1784277103358 0.4299975335597992 716
1784277103372 0.3251091539859772 717
1784277103386 0.18836498260498047 718
1784277103400 0.1947495937347412 719
1784277103413 0.2630668878555298 720
1784277103427 0.4604528546333313 721
1784277103439 0.3691389560699463 722
1784277103452 0.2170490026473999 723
1784277103465 0.4865909814834595 724
1784277103477 0.1656550168991089 725
1784277103490 0.4132348895072937 726
1784277103504 0.3723006844520569 727
1784277103519 0.2492820769548416 728
1784277103533 0.2462615817785263 729
1784277103546 0.1982301026582718 730
1784277103558 0.1830199956893921 731
1784277103572 0.1091056689620018 732
1784277103586 0.05264665558934212 733
1784277103601 0.17052295804023743 734
1784277103614 0.4194401204586029 735
1784277103628 0.20741793513298035 736
1784277103641 0.1348290741443634 737
1784277103655 0.32068920135498047 738
1784277103673 0.3301296532154083 739
1784277103688 0.3206120729446411 740
1784277103704 0.17957624793052673 741
1784277103720 0.16075655817985535 742
1784277103736 0.5052741169929504 743
1784277103750 0.11229515820741653 744
1784277103763 0.3298919200897217 745
1784277103775 0.2502734959125519 746
1784277103788 0.3543822467327118 747
1784277103802 0.1979559361934662 748
1784277103817 0.09374520927667618 749
1784277103831 0.6586847901344299 750
1784277103845 0.2343054562807083 751
1784277103859 0.18519209325313568 752
1784277103871 0.24099880456924438 753
1784277103883 0.27497348189353943 754
1784277103895 0.15217626094818115 755
1784277103908 0.33768388628959656 756
1784277103923 0.11863548308610916 757
1784277103937 0.1680300235748291 758
1784277103950 0.5406297445297241 759
1784277103965 0.13771198689937592 760
1784277103977 0.23840850591659546 761
1784277103990 0.24405045807361603 762
1784277104003 0.12665297091007233 763
1784277104016 0.42281994223594666 764
1784277104029 0.6842482686042786 765
1784277104041 0.3008881211280823 766
1784277104055 0.5173817276954651 767
1784277104068 0.3187398910522461 768
1784277104081 0.13349546492099762 769
1784277104095 0.11815375834703445 770
1784277104107 0.1741439253091812 771
1784277104119 0.10821649432182312 772
1784277104131 0.1224912777543068 773
1784277104143 0.16916528344154358 774
1784277104155 0.0795329287648201 775
1784277104170 0.28345271944999695 776
1784277104183 0.3198354244232178 777
1784277104196 0.13650184869766235 778
1784277104211 0.13309532403945923 779
1784277104224 0.5385945439338684 780
1784277104237 0.18394362926483154 781
1784277104250 0.2921192944049835 782
1784277104262 0.28969383239746094 783
1784277104275 0.2223471701145172 784
1784277104292 0.2620352804660797 785
1784277104306 0.1248859241604805 786
1784277104321 0.05372408404946327 787
1784277104335 0.17979660630226135 788
1784277104349 0.20207272469997406 789
1784277104363 0.07911181449890137 790
1784277104377 0.3480939567089081 791
1784277104390 0.2533039152622223 792
1784277104403 0.3734617233276367 793
1784277104420 0.20159251987934113 794
1784277104433 0.2895059287548065 795
1784277104445 0.0555204413831234 796
1784277104458 0.34707772731781006 797
1784277104472 0.4060160517692566 798
1784277104485 0.3749590218067169 799
1784277104499 0.14211700856685638 800
1784277104511 0.21245409548282623 801
1784277104525 0.25013232231140137 802
1784277104539 0.11769746989011765 803
1784277104552 0.11372357606887817 804
1784277104564 0.34177854657173157 805
1784277104579 0.3099600672721863 806
1784277104592 0.13677369058132172 807
1784277104605 0.25822895765304565 808
1784277104620 0.4460379183292389 809
1784277104633 0.22820858657360077 810
1784277104645 0.13642622530460358 811
1784277104658 0.20365236699581146 812
1784277104671 0.3442609906196594 813
1784277104684 0.24630378186702728 814
1784277104698 0.10227132588624954 815
1784277104712 0.13989226520061493 816
1784277104725 0.12249484658241272 817
1784277104738 0.16883105039596558 818
1784277104751 0.5890722274780273 819
1784277104765 0.1662299782037735 820
1784277104779 0.2391979992389679 821
1784277104793 0.18719382584095 822
1784277104808 0.2293281853199005 823
1784277104823 0.2102876752614975 824
1784277104836 0.21628674864768982 825
1784277104849 0.11277585476636887 826
1784277104861 0.31895962357521057 827
1784277104873 0.3122560977935791 828
1784277104889 0.17018035054206848 829
1784277104902 0.11682453751564026 830
1784277104916 0.20360060036182404 831
1784277104929 0.12914153933525085 832
1784277104940 0.6739290952682495 833
1784277104952 0.41209855675697327 834
1784277104966 0.08164335787296295 835
1784277104978 0.2783057987689972 836
1784277104990 0.2091558277606964 837
1784277105008 0.38964787125587463 838
1784277105020 0.1722673922777176 839
1784277105033 0.6720075011253357 840
1784277105046 0.16729190945625305 841
1784277105059 0.28576791286468506 842
1784277105073 0.11070070415735245 843
1784277105087 0.1842501312494278 844
1784277105099 0.09340441972017288 845
1784277105112 0.25144052505493164 846
1784277105124 0.08411628752946854 847
1784277105137 0.21039161086082458 848
1784277105149 0.1723942756652832 849
1784277105164 0.36649900674819946 850
1784277105177 0.1697215586900711 851
1784277105190 0.3190355598926544 852
1784277105205 0.17934338748455048 853
1784277105220 0.3886435627937317 854
1784277105233 0.06544176489114761 855
1784277105246 0.25579187273979187 856
1784277105259 0.2660069465637207 857
1784277105273 0.12343818694353104 858
1784277105287 0.16802743077278137 859
1784277105302 0.3043587803840637 860
1784277105316 0.32894366979599 861
1784277105330 0.10203725844621658 862
1784277105344 0.2037552148103714 863
1784277105358 0.13912111520767212 864
1784277105372 0.24026472866535187 865
1784277105386 0.17079974710941315 866
1784277105400 0.29437538981437683 867
1784277105413 0.18219785392284393 868
1784277105428 0.22108890116214752 869
1784277105441 0.5195989012718201 870
1784277105453 0.3906390368938446 871
1784277105467 0.19260314106941223 872
1784277105479 0.26196205615997314 873
1784277105493 0.021043390035629272 874
1784277105507 0.27756646275520325 875
1784277105523 0.24113599956035614 876
1784277105537 0.242885559797287 877
1784277105550 0.21269722282886505 878
1784277105568 0.12602046132087708 879
1784277105591 0.6248735189437866 880
1784277105611 0.10444187372922897 881
1784277105627 0.40884867310523987 882
1784277105643 0.34428852796554565 883
1784277105656 0.13841545581817627 884
1784277105673 0.34573155641555786 885
1784277105686 0.10278967022895813 886
1784277105700 0.11334437876939774 887
1784277105713 0.21943284571170807 888
1784277105726 0.2996264696121216 889
1784277105740 0.34953513741493225 890
1784277105754 0.3385081887245178 891
1784277105768 0.17849066853523254 892
1784277105783 0.25355175137519836 893
1784277105798 0.17117702960968018 894
1784277105812 0.1878223568201065 895
1784277105826 0.33566275238990784 896
1784277105838 0.14270196855068207 897
1784277105851 0.1497475951910019 898
1784277105866 0.15303707122802734 899
1784277105883 0.3130207061767578 900
1784277105899 0.22095569968223572 901
1784277105914 0.16565513610839844 902
1784277105930 0.22815237939357758 903
1784277105947 0.21895189583301544 904
1784277105961 0.1439477950334549 905
1784277105978 0.20744198560714722 906
1784277105991 0.15435729920864105 907
1784277106004 0.09929835051298141 908
1784277106019 0.09527015686035156 909
1784277106033 0.1728629171848297 910
1784277106046 0.2218792885541916 911
1784277106061 0.16125673055648804 912
1784277106074 0.13371960818767548 913
1784277106089 0.03906004875898361 914
1784277106104 0.47696927189826965 915
1784277106117 0.13999846577644348 916
1784277106129 0.12164058536291122 917
1784277106144 0.21028727293014526 918
1784277106157 0.1595502346754074 919
1784277106171 0.3427351415157318 920
1784277106189 0.13134720921516418 921
1784277106203 0.3293226659297943 922
1784277106217 0.1429067701101303 923
1784277106230 0.09367673844099045 924
1784277106243 0.2825218737125397 925
1784277106257 0.672960638999939 926
1784277106271 0.39075422286987305 927
1784277106284 0.12650522589683533 928
1784277106298 0.31577011942863464 929
1784277106313 0.140436589717865 930
1784277106328 0.17737987637519836 931
1784277106342 0.19245930016040802 932
1784277106355 0.2137712985277176 933
1784277106369 0.063202865421772 934
1784277106383 0.5578050017356873 935
1784277106397 0.09220099449157715 936
1784277106412 0.25172343850135803 937
1784277106426 0.2569862902164459 938
1784277106439 0.420956552028656 939
1784277106453 0.38972678780555725 940
1784277106466 0.3332010507583618 941
1784277106481 0.27286720275878906 942
1784277106496 0.1783202737569809 943
1784277106509 0.05540701001882553 944
1784277106525 0.13079394400119781 945
1784277106539 0.1569805145263672 946
1784277106555 0.3675706088542938 947
1784277106569 0.4258241057395935 948
1784277106584 0.26761680841445923 949
1784277106598 0.23762983083724976 950
1784277106610 0.2126370072364807 951
1784277106625 0.2061188668012619 952
1784277106640 0.14626595377922058 953
1784277106654 0.08854009211063385 954
1784277106669 0.09654683619737625 955
1784277106684 0.16370543837547302 956
1784277106698 0.3032647967338562 957
1784277106711 0.25049296021461487 958
1784277106725 0.25931110978126526 959
1784277106738 0.12394974380731583 960
1784277106752 0.2364909052848816 961
1784277106765 0.26096197962760925 962
1784277106779 0.1558532863855362 963
1784277106792 0.24869553744792938 964
1784277106808 0.09142369031906128 965
1784277106822 0.2734900414943695 966
1784277106836 0.13481473922729492 967
1784277106851 0.10170947015285492 968
1784277106865 0.10338400304317474 969
1784277106878 0.3249456286430359 970
1784277106895 0.11597109586000443 971
1784277106909 0.02617834508419037 972
1784277106922 0.03373100981116295 973
1784277106938 0.11803033202886581 974
1784277106952 0.17888037860393524 975
1784277106967 0.34340670704841614 976
1784277106979 0.1779208779335022 977
1784277106991 0.19683009386062622 978
1784277107007 0.11392711848020554 979
1784277107021 0.21177048981189728 980
1784277107036 0.26301124691963196 981
1784277107050 0.2277485728263855 982
1784277107065 0.0861847996711731 983
1784277107077 0.24208059906959534 984
1784277107092 0.08117838203907013 985
1784277107105 0.35628870129585266 986
1784277107119 0.17728959023952484 987
1784277107133 0.07273479551076889 988
1784277107147 0.5222973227500916 989
1784277107161 0.08324560523033142 990
1784277107175 0.4311000406742096 991
1784277107190 0.14203156530857086 992
1784277107205 0.15320104360580444 993
1784277107218 0.1275426149368286 994
1784277107233 0.11607321351766586 995
1784277107247 0.22450809180736542 996
1784277107261 0.16948388516902924 997
1784277107274 0.10394113510847092 998
1784277107290 0.06885120272636414 999
1784277107304 0.21422524750232697 1000
1784277107318 0.19644267857074738 1001
1784277107332 0.20591728389263153 1002
1784277107347 0.5551700592041016 1003
1784277107361 0.19155356287956238 1004
1784277107380 0.3040640950202942 1005
1784277107394 0.2695111334323883 1006
1784277107409 0.22664818167686462 1007
1784277107421 0.10377838462591171 1008
1784277107436 0.21142207086086273 1009
1784277107450 0.13523007929325104 1010
1784277107464 0.04029572755098343 1011
1784277107479 0.05252924561500549 1012
1784277107492 0.28016921877861023 1013
1784277107507 0.27712157368659973 1014
1784277107521 0.06923093646764755 1015
1784277107536 0.09002728015184402 1016
1784277107551 0.11435459554195404 1017
1784277107566 0.2375812530517578 1018
1784277107580 0.3173988163471222 1019
1784277107594 0.21675965189933777 1020
1784277107608 0.09439970552921295 1021
1784277107621 0.3748094439506531 1022
1784277107635 0.14708858728408813 1023
1784277107649 0.16333116590976715 1024
1784277107662 0.1927100419998169 1025
1784277107677 0.36464083194732666 1026
1784277107691 0.26430851221084595 1027
1784277107706 0.10096998512744904 1028
1784277107720 0.08482462912797928 1029
1784277107734 0.3716772198677063 1030
1784277107748 0.1380801796913147 1031
1784277107759 0.4364543557167053 1032
1784277107774 0.4481838047504425 1033
1784277107788 0.15627485513687134 1034
1784277107800 0.16130539774894714 1035
1784277107812 0.36238449811935425 1036
1784277107823 0.46681082248687744 1037
1784277107836 0.11356472223997116 1038
1784277107850 0.14728203415870667 1039
1784277107865 0.038173750042915344 1040
1784277107875 0.1681581288576126 1041
1784277107890 0.5603666305541992 1042
1784277107905 0.12592218816280365 1043
1784277107919 0.4556419551372528 1044
1784277107933 0.06910951435565948 1045
1784277107953 0.14267177879810333 1046
1784277107972 0.3562319278717041 1047
1784277107986 0.29710474610328674 1048
1784277108000 0.4799252152442932 1049
1784277108014 0.2328789383172989 1050
1784277108026 0.1552274525165558 1051
1784277108038 0.3084191083908081 1052
1784277108052 0.26749375462532043 1053
1784277108066 0.13259820640087128 1054
1784277108082 0.4235932528972626 1055
1784277108099 0.29910752177238464 1056
1784277108117 0.11269771307706833 1057
1784277108134 0.17872567474842072 1058
1784277108149 0.10291742533445358 1059
1784277108166 0.15460683405399323 1060
1784277108180 0.2738839089870453 1061
1784277108200 0.33016911149024963 1062
1784277108216 0.19415120780467987 1063
1784277108231 0.4596933126449585 1064
1784277108246 0.04334632307291031 1065
1784277108261 0.08318155258893967 1066
1784277108274 0.1933588832616806 1067
1784277108290 0.09050524234771729 1068
1784277108306 0.17405831813812256 1069
1784277108321 0.28599393367767334 1070
1784277108336 0.10945924371480942 1071
1784277108352 0.3810480237007141 1072
1784277108367 0.39313116669654846 1073
1784277108382 0.34963715076446533 1074
1784277108397 0.1637740135192871 1075
1784277108410 0.43745970726013184 1076
1784277108424 0.12436716258525848 1077
1784277108440 0.5241448879241943 1078
1784277108455 0.1320900321006775 1079
1784277108471 0.3306371867656708 1080
1784277108486 0.39199337363243103 1081
1784277108502 0.4385574460029602 1082
1784277108517 0.14019429683685303 1083
1784277108533 0.05984723940491676 1084
1784277108551 0.27063292264938354 1085
1784277108566 0.22913715243339539 1086
1784277108580 0.14388695359230042 1087
1784277108595 0.10936488956212997 1088
1784277108610 0.38490450382232666 1089
1784277108624 0.2433231770992279 1090
1784277108637 0.06418383121490479 1091
1784277108651 0.16700096428394318 1092
1784277108666 0.1208839863538742 1093
1784277108681 0.21011319756507874 1094
1784277108694 0.4491913318634033 1095
1784277108708 0.46485331654548645 1096
1784277108722 0.08921792358160019 1097
1784277108735 0.1008414775133133 1098
1784277108749 0.10318977385759354 1099
1784277108763 0.6031010150909424 1100
1784277108778 0.15250353515148163 1101
1784277108794 0.23120369017124176 1102
1784277108807 0.26881104707717896 1103
1784277108821 0.061068467795848846 1104
1784277108833 0.33196985721588135 1105
1784277108848 0.25662752985954285 1106
1784277108861 0.3324753940105438 1107
1784277108878 0.11125340312719345 1108
1784277108891 0.28406745195388794 1109
1784277108906 0.11652795970439911 1110
1784277108920 0.3454684317111969 1111
1784277108934 0.09779471158981323 1112
1784277108949 0.15341056883335114 1113
1784277108962 0.1828683316707611 1114
1784277108976 0.10683541744947433 1115
1784277108990 0.21267235279083252 1116
1784277109003 0.2510548233985901 1117
1784277109018 0.3239264488220215 1118
1784277109033 0.10835310071706772 1119
1784277109047 0.09654964506626129 1120
1784277109058 0.38348209857940674 1121
1784277109073 0.34024640917778015 1122
1784277109085 0.08288644254207611 1123
1784277109099 0.08180573582649231 1124
1784277109113 0.4604174792766571 1125
1784277109128 0.15432938933372498 1126
1784277109142 0.22691918909549713 1127
1784277109157 0.41446247696876526 1128
1784277109172 0.3901097774505615 1129
1784277109186 0.08772066235542297 1130
1784277109199 0.5386704802513123 1131
1784277109213 0.10653913021087646 1132
1784277109226 0.09384942799806595 1133
1784277109240 0.15253959596157074 1134
1784277109254 0.17270112037658691 1135
1784277109268 0.1563146710395813 1136
1784277109282 0.121661476790905 1137
1784277109297 0.19556568562984467 1138
1784277109310 0.11185050010681152 1139
1784277109322 0.03686751425266266 1140
1784277109336 0.19023655354976654 1141
1784277109350 0.40487363934516907 1142
1784277109364 0.3755533695220947 1143
1784277109380 0.3440825343132019 1144
1784277109395 0.1747700273990631 1145
1784277109408 0.13311907649040222 1146
1784277109420 0.12714414298534393 1147
1784277109432 0.1171666607260704 1148
1784277109444 0.04230229929089546 1149
1784277109458 0.12206065654754639 1150
1784277109473 0.10943762958049774 1151
1784277109487 0.36509960889816284 1152
1784277109502 0.27509722113609314 1153
1784277109516 0.09852030128240585 1154
1784277109530 0.12028654664754868 1155
1784277109543 0.012613395228981972 1156
1784277109558 0.5168998837471008 1157
1784277109574 0.09655240923166275 1158
1784277109588 0.40805715322494507 1159
1784277109602 0.1453905999660492 1160
1784277109620 0.1552749127149582 1161
1784277109634 0.4653446674346924 1162
1784277109648 0.2062043696641922 1163
1784277109663 0.30841076374053955 1164
1784277109677 0.07544533908367157 1165
1784277109690 0.09536658227443695 1166
1784277109703 0.23786243796348572 1167
1784277109715 0.3950251042842865 1168
1784277109728 0.13353899121284485 1169
1784277109741 0.16546522080898285 1170
1784277109757 0.13007834553718567 1171
1784277109770 0.2453218251466751 1172
1784277109783 0.2746197283267975 1173
1784277109797 0.13125155866146088 1174
1784277109810 0.17934978008270264 1175
1784277109822 0.147579625248909 1176
1784277109835 0.2525099813938141 1177
1784277109852 0.14499391615390778 1178
1784277109866 0.17723438143730164 1179
1784277109878 0.223373681306839 1180
1784277109890 0.13730880618095398 1181
1784277109904 0.14111484587192535 1182
1784277109917 0.12437114119529724 1183
1784277109930 0.5384427309036255 1184
1784277109943 0.3052249550819397 1185
1784277109956 0.06258583068847656 1186
1784277109971 0.18745194375514984 1187
1784277109984 0.1133505254983902 1188
1784277110002 0.18087054789066315 1189
1784277110017 0.25315025448799133 1190
1784277110030 0.23150870203971863 1191
1784277110046 0.09816326200962067 1192
1784277110060 0.20283645391464233 1193
1784277110073 0.44009214639663696 1194
1784277110088 0.5280821919441223 1195
1784277110103 0.11993978917598724 1196
1784277110118 0.13343937695026398 1197
1784277110132 0.34731245040893555 1198
1784277110145 0.1832885891199112 1199
1784277110158 0.28766876459121704 1200
1784277110173 0.11652292311191559 1201
1784277110188 0.10955967009067535 1202
1784277110201 0.28530287742614746 1203
1784277110215 0.15580320358276367 1204
1784277110229 0.14070773124694824 1205
1784277110244 0.20091256499290466 1206
1784277110257 0.17564919590950012 1207
1784277110271 0.06772629916667938 1208
1784277110285 0.08441472053527832 1209
1784277110298 0.19338132441043854 1210
1784277110312 0.14313195645809174 1211
1784277110331 0.2633853852748871 1212
1784277110349 0.10020992159843445 1213
1784277110366 0.4868158996105194 1214
1784277110382 0.4147813022136688 1215
1784277110398 0.3881036341190338 1216
1784277110411 0.1076001450419426 1217
1784277110425 0.1233559101819992 1218
1784277110442 0.12513874471187592 1219
1784277110456 0.24868988990783691 1220
1784277110471 0.2138267308473587 1221
1784277110485 0.1064591109752655 1222
1784277110499 0.09491213411092758 1223
1784277110514 0.046644531190395355 1224
1784277110530 0.13920700550079346 1225
1784277110545 0.35329943895339966 1226
1784277110560 0.05943929776549339 1227
1784277110575 0.02474796772003174 1228
1784277110589 0.22899359464645386 1229
1784277110605 0.15961787104606628 1230
1784277110618 0.06855542957782745 1231
1784277110632 0.08313440531492233 1232
1784277110645 0.3124535381793976 1233
1784277110657 0.24798229336738586 1234
1784277110671 0.10198415815830231 1235
1784277110685 0.2422035187482834 1236
1784277110699 0.16765649616718292 1237
1784277110712 0.03131652623414993 1238
1784277110726 0.14666178822517395 1239
1784277110740 0.23038016259670258 1240
1784277110752 0.05154035612940788 1241
1784277110764 0.15971533954143524 1242
1784277110778 0.10251935571432114 1243
1784277110790 0.1488306224346161 1244
1784277110806 0.33371594548225403 1245
1784277110818 0.15988324582576752 1246
1784277110832 0.4187013804912567 1247
1784277110847 0.2273411750793457 1248
1784277110862 0.39014580845832825 1249
1784277110876 0.19248145818710327 1250
1784277110898 0.2486123889684677 1251
1784277110912 0.25511088967323303 1252
1784277110927 0.2076844871044159 1253
1784277110940 0.2910517156124115 1254
1784277110954 0.1818678081035614 1255
1784277110968 0.07135127484798431 1256
1784277110983 0.18435324728488922 1257
1784277110997 0.2240784913301468 1258
1784277111011 0.13109128177165985 1259
1784277111024 0.37466374039649963 1260
1784277111039 0.2759164571762085 1261
1784277111054 0.2616589069366455 1262
1784277111067 0.09265600889921188 1263
1784277111082 0.4023728668689728 1264
1784277111096 0.17811471223831177 1265
1784277111109 0.03958563506603241 1266
1784277111123 0.5044093132019043 1267
1784277111139 0.33590933680534363 1268
1784277111152 0.205937460064888 1269
1784277111167 0.10773712396621704 1270
1784277111183 0.3080545663833618 1271
1784277111198 0.13802729547023773 1272
1784277111212 0.19330357015132904 1273
1784277111226 0.24830929934978485 1274
1784277111240 0.08874846994876862 1275
1784277111253 0.4709060788154602 1276
1784277111269 0.07312153279781342 1277
1784277111284 0.22863751649856567 1278
1784277111299 0.07804922759532928 1279
1784277111315 0.19606995582580566 1280
1784277111329 0.20823588967323303 1281
1784277111345 0.26485198736190796 1282
1784277111362 0.061865612864494324 1283
1784277111377 0.3851729929447174 1284
1784277111394 0.11707402765750885 1285
1784277111409 0.15154922008514404 1286
1784277111423 0.11429531127214432 1287
1784277111437 0.42110660672187805 1288
1784277111450 0.27221429347991943 1289
1784277111464 0.15093015134334564 1290
1784277111478 0.06724522262811661 1291
1784277111494 0.2771225869655609 1292
1784277111509 0.2650207281112671 1293
1784277111523 0.09636208415031433 1294
1784277111539 0.26344525814056396 1295
1784277111555 0.11733399331569672 1296
1784277111572 0.0788659080862999 1297
1784277111587 0.0855821743607521 1298
1784277111601 0.4790722727775574 1299
1784277111613 0.48577195405960083 1300
1784277111626 0.12219676375389099 1301
1784277111640 0.5184842944145203 1302
1784277111655 0.14653681218624115 1303
1784277111669 0.4021633267402649 1304
1784277111684 0.2218138426542282 1305
1784277111698 0.15074089169502258 1306
1784277111711 0.23045557737350464 1307
1784277111722 0.1369141936302185 1308
1784277111738 0.06367285549640656 1309
1784277111753 0.15462295711040497 1310
1784277111767 0.22969646751880646 1311
1784277111782 0.18929407000541687 1312
1784277111798 0.3427930772304535 1313
1784277111811 0.13988353312015533 1314
1784277111825 0.22610335052013397 1315
1784277111840 0.10026388615369797 1316
1784277111855 0.09243267774581909 1317
1784277111869 0.29529938101768494 1318
1784277111883 0.30311697721481323 1319
1784277111898 0.10724087059497833 1320
1784277111910 0.32985395193099976 1321
1784277111924 0.4448482096195221 1322
1784277111938 0.23079189658164978 1323
1784277111953 0.17081817984580994 1324
1784277111966 0.06708725541830063 1325
1784277111980 0.16552942991256714 1326
1784277111993 0.4724275469779968 1327
1784277112008 0.5342346429824829 1328
1784277112021 0.22047650814056396 1329
1784277112034 0.3005346655845642 1330
1784277112049 0.35468441247940063 1331
1784277112063 0.18282362818717957 1332
1784277112077 0.10764192789793015 1333
1784277112091 0.03786898031830788 1334
1784277112104 0.1697969138622284 1335
1784277112118 0.13216570019721985 1336
1784277112132 0.08725040405988693 1337
1784277112146 0.25424686074256897 1338
1784277112160 0.21024398505687714 1339
1784277112174 0.22939860820770264 1340
1784277112188 0.22023546695709229 1341
1784277112205 0.05895567685365677 1342
1784277112219 0.3083062469959259 1343
1784277112233 0.310510516166687 1344
1784277112247 0.13862237334251404 1345
1784277112263 0.14108385145664215 1346
1784277112275 0.2344839870929718 1347
1784277112289 0.3777228593826294 1348
1784277112302 0.31313368678092957 1349
1784277112315 0.17197982966899872 1350
1784277112332 0.32344958186149597 1351
1784277112347 0.16181929409503937 1352
1784277112361 0.10107921808958054 1353
1784277112375 0.32039710879325867 1354
1784277112389 0.32816898822784424 1355
1784277112404 0.298826664686203 1356
1784277112418 0.30982059240341187 1357
1784277112432 0.2573951482772827 1358
1784277112446 0.20971736311912537 1359
1784277112462 0.08712752163410187 1360
1784277112476 0.257417768239975 1361
1784277112491 0.31975096464157104 1362
1784277112505 0.13891564309597015 1363
1784277112517 0.23203180730342865 1364
1784277112531 0.03973686322569847 1365
1784277112548 0.3316520154476166 1366
1784277112565 0.21095430850982666 1367
1784277112582 0.2631574273109436 1368
1784277112599 0.08760042488574982 1369
1784277112615 0.2781786024570465 1370
1784277112631 0.36208730936050415 1371
1784277112647 0.15997643768787384 1372
1784277112661 0.23060333728790283 1373
1784277112675 0.1210026741027832 1374
1784277112692 0.10760366916656494 1375
1784277112707 0.36142876744270325 1376
1784277112721 0.1082054078578949 1377
1784277112735 0.25012481212615967 1378
1784277112750 0.0925210639834404 1379
1784277112764 0.26262369751930237 1380
1784277112778 0.13203035295009613 1381
1784277112793 0.15637800097465515 1382
1784277112808 0.07901723682880402 1383
1784277112820 0.09710128605365753 1384
1784277112849 0.1410684734582901 1385
1784277112864 0.17988641560077667 1386
1784277112879 0.5342346429824829 1387
1784277112893 0.22669175267219543 1388
1784277112909 0.05908536538481712 1389
1784277112922 0.10945536196231842 1390
1784277112937 0.3257247805595398 1391
1784277112951 0.164700448513031 1392
1784277112964 0.02861887216567993 1393
1784277112976 0.13649432361125946 1394
1784277112991 0.2969643473625183 1395
1784277113006 0.08745291084051132 1396
1784277113018 0.1906833052635193 1397
1784277113031 0.34194210171699524 1398
1784277113046 0.12799304723739624 1399
1784277113059 0.07442456483840942 1400
1784277113072 0.02762722596526146 1401
1784277113087 0.2004951685667038 1402
1784277113102 0.25436872243881226 1403
1784277113116 0.1956084668636322 1404
1784277113131 0.08804189413785934 1405
1784277113146 0.29836422204971313 1406
1784277113161 0.10985732823610306 1407
1784277113173 0.16884011030197144 1408
1784277113186 0.056327562779188156 1409
1784277113201 0.07498472183942795 1410
1784277113214 0.32680362462997437 1411
1784277113226 0.2865125238895416 1412
1784277113239 0.16876862943172455 1413
1784277113253 0.15989713370800018 1414
1784277113267 0.25467559695243835 1415
1784277113282 0.04107558727264404 1416
1784277113297 0.10987091064453125 1417
1784277113311 0.1646130234003067 1418
1784277113327 0.23816075921058655 1419
1784277113341 0.1657726764678955 1420
1784277113356 0.22296281158924103 1421
1784277113370 0.10852522403001785 1422
1784277113384 0.18524476885795593 1423
1784277113401 0.3794002830982208 1424
1784277113413 0.36370524764060974 1425
1784277113425 0.18849918246269226 1426
1784277113439 0.0748642310500145 1427
1784277113453 0.18111157417297363 1428
1784277113467 0.42413753271102905 1429
1784277113480 0.12237580120563507 1430
1784277113494 0.11849488317966461 1431
1784277113508 0.30543798208236694 1432
1784277113526 0.3186190724372864 1433
1784277113541 0.1630784571170807 1434
1784277113557 0.045656394213438034 1435
1784277113572 0.337728351354599 1436
1784277113585 0.19051606953144073 1437
1784277113597 0.25114718079566956 1438
1784277113609 0.23205357789993286 1439
1784277113623 0.11799229681491852 1440
1784277113638 0.33469241857528687 1441
1784277113653 0.380340039730072 1442
1784277113668 0.4142536520957947 1443
1784277113682 0.3360195457935333 1444
1784277113696 0.3154006898403168 1445
1784277113709 0.12415947765111923 1446
1784277113722 0.15477602183818817 1447
1784277113736 0.2758774757385254 1448
1784277113750 0.11989157646894455 1449
1784277113764 0.3287724554538727 1450
1784277113779 0.06854446977376938 1451
1784277113794 0.38248616456985474 1452
1784277113808 0.3081129789352417 1453
1784277113821 0.3134918212890625 1454
1784277113835 0.18009024858474731 1455
1784277113849 0.07483752071857452 1456
1784277113864 0.3189414143562317 1457
1784277113877 0.34986788034439087 1458
1784277113890 0.22737033665180206 1459
1784277113905 0.08363331854343414 1460
1784277113921 0.34899118542671204 1461
1784277113936 0.3344080448150635 1462
1784277113952 0.21728259325027466 1463
1784277113966 0.07921934872865677 1464
1784277113977 0.380712628364563 1465
1784277113992 0.09211616218090057 1466
1784277114007 0.21926245093345642 1467
1784277114021 0.12985527515411377 1468
1784277114035 0.2761751413345337 1469
1784277114048 0.158591166138649 1470
1784277114062 0.27820074558258057 1471
1784277114075 0.32050061225891113 1472
1784277114088 0.3304423689842224 1473
1784277114102 0.3163335919380188 1474
1784277114116 0.0682184174656868 1475
1784277114130 0.15696273744106293 1476
1784277114145 0.17129723727703094 1477
1784277114159 0.17356127500534058 1478
1784277114171 0.19504785537719727 1479
1784277114184 0.16527259349822998 1480
1784277114199 0.16276802122592926 1481
1784277114211 0.25671324133872986 1482
1784277114222 0.10604006052017212 1483
1784277114237 0.0672132819890976 1484
1784277114253 0.3300558030605316 1485
1784277114267 0.11879120022058487 1486
1784277114281 0.0652589425444603 1487
1784277114295 0.16700536012649536 1488
1784277114308 0.1018080934882164 1489
1784277114322 0.2627667486667633 1490
1784277114336 0.07557366043329239 1491
1784277114349 0.14205177128314972 1492
1784277114364 0.20884522795677185 1493
1784277114378 0.1999017894268036 1494
1784277114391 0.4581994414329529 1495
1784277114404 0.10089106112718582 1496
1784277114416 0.10382921248674393 1497
1784277114429 0.036164235323667526 1498
1784277114440 0.14389677345752716 1499
1784277114454 0.11282595992088318 1500
1784277114472 0.015444949269294739 1501
1784277114486 0.042830705642700195 1502
1784277114501 0.17869538068771362 1503
1784277114514 0.14696548879146576 1504
1784277114527 0.15655189752578735 1505
1784277114541 0.1184380054473877 1506
1784277114553 0.04348648712038994 1507
1784277114570 0.21501651406288147 1508
1784277114586 0.21885442733764648 1509
1784277114600 0.042864248156547546 1510
1784277114614 0.11170189082622528 1511
1784277114628 0.014236874878406525 1512
1784277114642 0.049895621836185455 1513
1784277114656 0.07593927532434464 1514
1784277114671 0.05552372708916664 1515
1784277114686 0.21065610647201538 1516
1784277114701 0.627304196357727 1517
1784277114716 0.144697368144989 1518
1784277114731 0.07780610769987106 1519
1784277114743 0.2244560569524765 1520
1784277114758 0.20295897126197815 1521
1784277114775 0.05529174581170082 1522
1784277114794 0.09587650746107101 1523
1784277114806 0.1583578735589981 1524
1784277114823 0.07132066786289215 1525
1784277114839 0.4512469470500946 1526
1784277114855 0.11995307356119156 1527
1784277114870 0.37728357315063477 1528
1784277114884 0.22096925973892212 1529
1784277114898 0.12897178530693054 1530
1784277114911 0.19578076899051666 1531
1784277114926 0.05984887853264809 1532
1784277114938 0.15089133381843567 1533
1784277114952 0.31403785943984985 1534
1784277114967 0.45200270414352417 1535
1784277114979 0.0917571410536766 1536
1784277114993 0.16017688810825348 1537
1784277115005 0.35329318046569824 1538
1784277115017 0.1864081174135208 1539
1784277115033 0.053324732929468155 1540
1784277115045 0.3522537648677826 1541
1784277115060 0.07233230769634247 1542
1784277115074 0.10486006736755371 1543
1784277115088 0.22421245276927948 1544
1784277115103 0.1109304279088974 1545
1784277115119 0.39554861187934875 1546
1784277115136 0.30713754892349243 1547
1784277115150 0.22427864372730255 1548
1784277115165 0.1248711347579956 1549
1784277115180 0.08313604444265366 1550
1784277115194 0.14590422809123993 1551
1784277115207 0.35100823640823364 1552
1784277115222 0.31358516216278076 1553
1784277115237 0.08102239668369293 1554
1784277115252 0.16272789239883423 1555
1784277115267 0.06432831287384033 1556
1784277115287 0.1126302182674408 1557
1784277115303 0.40859872102737427 1558
1784277115317 0.10207974165678024 1559
1784277115332 0.2951139509677887 1560
1784277115347 0.12813490629196167 1561
1784277115363 0.09492535889148712 1562
1784277115377 0.18671156466007233 1563
1784277115395 0.07005831599235535 1564
1784277115411 0.12627491354942322 1565
1784277115426 0.38929346203804016 1566
1784277115440 0.10193516314029694 1567
1784277115455 0.1526298075914383 1568
1784277115470 0.14311480522155762 1569
1784277115485 0.08607597649097443 1570
1784277115499 0.030161485075950623 1571
1784277115514 0.11353935301303864 1572
1784277115530 0.17143937945365906 1573
1784277115546 0.12398649752140045 1574
1784277115559 0.12027230113744736 1575
1784277115575 0.07342913001775742 1576
1784277115589 0.42340296506881714 1577
1784277115602 0.6936310529708862 1578
1784277115615 0.09798011183738708 1579
1784277115627 0.1221403032541275 1580
1784277115641 0.40919214487075806 1581
1784277115655 0.13647177815437317 1582
1784277115670 0.13361413776874542 1583
1784277115684 0.0950842946767807 1584
1784277115699 0.09913413226604462 1585
1784277115713 0.19787439703941345 1586
1784277115726 0.019851593300700188 1587
1784277115740 0.39536911249160767 1588
1784277115756 0.42873337864875793 1589
1784277115770 0.157500758767128 1590
1784277115785 0.3830697536468506 1591
1784277115800 0.06921461224555969 1592
1784277115814 0.31547966599464417 1593
1784277115828 0.3554871082305908 1594
1784277115840 0.2063305824995041 1595
1784277115856 0.4922308623790741 1596
1784277115871 0.4646928310394287 1597
1784277115887 0.2645578980445862 1598
1784277115902 0.23863407969474792 1599
1784277115916 0.3595704436302185 1600
1784277115930 0.25740230083465576 1601
1784277115944 0.2241278439760208 1602
1784277115957 0.11040125042200089 1603
1784277115970 0.11576192826032639 1604
1784277115985 0.15622669458389282 1605
1784277115999 0.06496776640415192 1606
1784277116014 0.12383194267749786 1607
1784277116027 0.24268583953380585 1608
1784277116042 0.23584295809268951 1609
1784277116056 0.19770117104053497 1610
1784277116069 0.10929950326681137 1611
1784277116082 0.26078101992607117 1612
1784277116095 0.13091500103473663 1613
1784277116107 0.28928497433662415 1614
1784277116120 0.07486949115991592 1615
1784277116135 0.1262146681547165 1616
1784277116150 0.2228107899427414 1617
1784277116164 0.18908214569091797 1618
1784277116179 0.38866540789604187 1619
1784277116193 0.02976914681494236 1620
1784277116206 0.22258321940898895 1621
1784277116223 0.2557406425476074 1622
1784277116238 0.7271344661712646 1623
1784277116252 0.5578435063362122 1624
1784277116265 0.1218748539686203 1625
1784277116279 0.24541878700256348 1626
1784277116292 0.04283313825726509 1627
1784277116306 0.2580055892467499 1628
1784277116319 0.38202744722366333 1629
1784277116333 0.4826250672340393 1630
1784277116348 0.06229744106531143 1631
1784277116362 0.13835078477859497 1632
1784277116373 0.052133623510599136 1633
1784277116388 0.055507760494947433 1634
1784277116403 0.1493142545223236 1635
1784277116417 0.17979298532009125 1636
1784277116432 0.2580398619174957 1637
1784277116501 0.20906876027584076 1638
1784277116522 0.11441019177436829 1639
1784277116537 0.21487897634506226 1640
1784277116552 0.34028539061546326 1641
1784277116568 0.031794361770153046 1642
1784277116582 0.1201842650771141 1643
1784277116595 0.2975461781024933 1644
1784277116608 0.1673244684934616 1645
1784277116620 0.21234121918678284 1646
1784277116635 0.3330473303794861 1647
1784277116648 0.07219588756561279 1648
1784277116662 0.21980270743370056 1649
1784277116673 0.09463769942522049 1650
1784277116687 0.1253446638584137 1651
1784277116699 0.24905727803707123 1652
1784277116713 0.21018436551094055 1653
1784277116725 0.26231148838996887 1654
1784277116740 0.41786038875579834 1655
1784277116756 0.07038401067256927 1656
1784277116771 0.10421627014875412 1657
1784277116786 0.2406979501247406 1658
1784277116800 0.15973591804504395 1659
1784277116814 0.07761630415916443 1660
1784277116830 0.20709328353405 1661
1784277116844 0.3350234627723694 1662
1784277116857 0.059144873172044754 1663
1784277116872 0.1600499451160431 1664
1784277116886 0.3343181908130646 1665
1784277116898 0.14914534986019135 1666
1784277116911 0.08227379620075226 1667
1784277116926 0.061883457005023956 1668
1784277116942 0.10070222616195679 1669
1784277116957 0.14930903911590576 1670
1784277116973 0.13229365646839142 1671
1784277116988 0.12008751928806305 1672
1784277117005 0.3127839267253876 1673
1784277117021 0.02572634071111679 1674
1784277117038 0.05393373593688011 1675
1784277117052 0.06684942543506622 1676
1784277117068 0.35427379608154297 1677
1784277117084 0.16851571202278137 1678
1784277117099 0.13050870597362518 1679
1784277117114 0.19091171026229858 1680
1784277117129 0.1740759313106537 1681
1784277117143 0.4016653299331665 1682
1784277117156 0.27994224429130554 1683
1784277117175 0.06445483863353729 1684
1784277117189 0.1236187219619751 1685
1784277117203 0.16043268144130707 1686
1784277117218 0.2298877239227295 1687
1784277117232 0.12411687523126602 1688
1784277117247 0.21534891426563263 1689
1784277117262 0.10573790222406387 1690
1784277117277 0.043893732130527496 1691
1784277117292 0.10292216390371323 1692
1784277117305 0.11015515774488449 1693
1784277117319 0.036070745438337326 1694
1784277117333 0.07345788925886154 1695
1784277117348 0.42060336470603943 1696
1784277117363 0.1898183673620224 1697
1784277117378 0.22059355676174164 1698
1784277117392 0.08033355325460434 1699
1784277117408 0.09827876091003418 1700
1784277117423 0.22581088542938232 1701
1784277117438 0.1923535168170929 1702
1784277117452 0.043142132461071014 1703
1784277117466 0.12079773843288422 1704
1784277117481 0.25550025701522827 1705
1784277117496 0.36909979581832886 1706
1784277117510 0.06876645982265472 1707
1784277117523 0.056557752192020416 1708
1784277117538 0.12041249126195908 1709
1784277117553 0.062349557876586914 1710
1784277117568 0.1884434074163437 1711
1784277117581 0.3412802219390869 1712
1784277117594 0.11911022663116455 1713
1784277117608 0.33345526456832886 1714
1784277117622 0.5631431937217712 1715
1784277117638 0.28642401099205017 1716
1784277117653 0.0802641212940216 1717
1784277117668 0.09689142554998398 1718
1784277117683 0.08672460913658142 1719
1784277117699 0.13237611949443817 1720
1784277117712 0.14502400159835815 1721
1784277117724 0.04556749761104584 1722
1784277117738 0.211541548371315 1723
1784277117752 0.18063905835151672 1724
1784277117765 0.19749750196933746 1725
1784277117779 0.2382638156414032 1726
1784277117796 0.21765467524528503 1727
1784277117811 0.0658310130238533 1728
1784277117823 0.06276126205921173 1729
1784277117838 0.5505641102790833 1730
1784277117851 0.23143574595451355 1731
1784277117872 0.22116169333457947 1732
1784277117891 0.18645407259464264 1733
1784277117908 0.1689179390668869 1734
1784277117925 0.09025970846414566 1735
1784277117938 0.11187448352575302 1736
1784277117953 0.3113420307636261 1737
1784277117969 0.21007896959781647 1738
1784277117982 0.14342783391475677 1739
1784277117996 0.2948826551437378 1740
1784277118010 0.2961978018283844 1741
1784277118024 0.4162214696407318 1742
1784277118038 0.0875391811132431 1743
1784277118053 0.21481767296791077 1744
1784277118067 0.20261384546756744 1745
1784277118082 0.375331848859787 1746
1784277118096 0.06376005709171295 1747
1784277118112 0.38249531388282776 1748
1784277118126 0.17546290159225464 1749
1784277118139 0.2902797758579254 1750
1784277118155 0.0725950300693512 1751
1784277118171 0.09300115704536438 1752
1784277118186 0.3815653324127197 1753
1784277118201 0.04231215640902519 1754
1784277118216 0.06875135004520416 1755
1784277118232 0.04571187123656273 1756
1784277118247 0.1683775931596756 1757
1784277118264 0.17410807311534882 1758
1784277118279 0.2861841320991516 1759
1784277118294 0.1811535358428955 1760
1784277118309 0.22371551394462585 1761
1784277118322 0.35496026277542114 1762
1784277118336 0.030464785173535347 1763
1784277118351 0.5692944526672363 1764
1784277118366 0.16322490572929382 1765
1784277118380 0.22943155467510223 1766
1784277118395 0.05253070220351219 1767
1784277118411 0.16343386471271515 1768
1784277118427 0.4272320568561554 1769
1784277118442 0.19576893746852875 1770
1784277118457 0.20057423412799835 1771
1784277118471 0.19747358560562134 1772
1784277118485 0.020277224481105804 1773
1784277118500 0.28228622674942017 1774
1784277118516 0.17525222897529602 1775
1784277118530 0.05661361292004585 1776
1784277118544 0.11400073766708374 1777
1784277118559 0.03706745430827141 1778
1784277118574 0.29949241876602173 1779
1784277118589 0.16512486338615417 1780
1784277118607 0.2404811680316925 1781
1784277118621 0.4148729741573334 1782
1784277118633 0.41833311319351196 1783
1784277118646 0.24524682760238647 1784
1784277118659 0.09862886369228363 1785
1784277118672 0.32074031233787537 1786
1784277118687 0.038168177008628845 1787
1784277118703 0.11941192299127579 1788
1784277118716 0.10213328897953033 1789
1784277118730 0.1267600953578949 1790
1784277118748 0.035516466945409775 1791
1784277118765 0.1967896819114685 1792
1784277118782 0.03343932703137398 1793
1784277118798 0.21802909672260284 1794
1784277118818 0.049041345715522766 1795
1784277118833 0.3190024495124817 1796
1784277118847 0.05539244785904884 1797
1784277118860 0.3081822693347931 1798
1784277118875 0.3386227488517761 1799
1784277118890 0.22674864530563354 1800
1784277118906 0.1254100352525711 1801
1784277118921 0.18773014843463898 1802
1784277118935 0.04284447059035301 1803
1784277118948 0.2543289363384247 1804
1784277118962 0.14608527719974518 1805
1784277118977 0.22775501012802124 1806
1784277118992 0.08297879248857498 1807
1784277119005 0.7208495140075684 1808
1784277119018 0.09989248216152191 1809
1784277119033 0.10335781425237656 1810
1784277119046 0.1429378241300583 1811
1784277119064 0.31876862049102783 1812
1784277119079 0.16717292368412018 1813
1784277119092 0.02535148710012436 1814
1784277119105 0.38502392172813416 1815
1784277119120 0.14820384979248047 1816
1784277119133 0.013913461938500404 1817
1784277119148 0.0846993625164032 1818
1784277119163 0.14971274137496948 1819
1784277119178 0.08518899977207184 1820
1784277119192 0.1772865206003189 1821
1784277119207 0.30963820219039917 1822
1784277119224 0.24584755301475525 1823
1784277119240 0.24378658831119537 1824
1784277119257 0.04662651941180229 1825
1784277119272 0.09823830425739288 1826
1784277119290 0.1603086292743683 1827
1784277119306 0.010518263094127178 1828
1784277119319 0.03740327060222626 1829
1784277119334 0.11149654537439346 1830
1784277119349 0.17513155937194824 1831
1784277119363 0.11796679347753525 1832
1784277119376 0.06612861156463623 1833
1784277119388 0.0790519118309021 1834
1784277119403 0.13057133555412292 1835
1784277119418 0.1659257560968399 1836
1784277119433 0.06542207300662994 1837
1784277119447 0.1307692676782608 1838
1784277119461 0.07013038545846939 1839
1784277119476 0.549934446811676 1840
1784277119489 0.2392432987689972 1841
1784277119504 0.033072736114263535 1842
1784277119518 0.11345262825489044 1843
1784277119532 0.03673674911260605 1844
1784277119547 0.32925304770469666 1845
1784277119562 0.43338924646377563 1846
1784277119577 0.3483775556087494 1847
1784277119591 0.23598113656044006 1848
1784277119606 0.24972717463970184 1849
1784277119620 0.1487615704536438 1850
1784277119635 0.20808759331703186 1851
1784277119649 0.22639331221580505 1852
1784277119664 0.10256658494472504 1853
1784277119677 0.11728737503290176 1854
1784277119690 0.2773858904838562 1855
1784277119704 0.21764814853668213 1856
1784277119719 0.09783952683210373 1857
1784277119734 0.14362241327762604 1858
1784277119749 0.15809859335422516 1859
1784277119764 0.10217086225748062 1860
1784277119779 0.1436794400215149 1861
1784277119793 0.3208840489387512 1862
1784277119807 0.1002841368317604 1863
1784277119822 0.19846871495246887 1864
1784277119837 0.0807432308793068 1865
1784277119852 0.07863346487283707 1866
1784277119868 0.04814339056611061 1867
1784277119882 0.14552311599254608 1868
1784277119897 0.14800822734832764 1869
1784277119911 0.11865529417991638 1870
1784277119926 0.17300252616405487 1871
1784277119939 0.09298776090145111 1872
1784277119955 0.07064554840326309 1873
1784277119970 0.09155984222888947 1874
