1784241007607 0.31448566749325557 0
1784241049840 0.14686481591384762 1
1784241089888 0.1119603773522118 2
1784241127959 0.09271655831455165 3
1784241165364 0.08067993163625212 4
1784241203010 0.07223472493379657 5
1784241241124 0.06628863384752726 6
1784241278753 0.05915939317088998 7
1784241313811 0.05503849397751952 8
1784241348657 0.05123579635481809 9
1784241389189 0.047658002314237335 10
1784241427126 0.046069297250921695 11
1784241466227 0.04066903660582264 12
1784241502348 0.03894399932341757 13
1784241538807 0.036959763816354886 14
1784241579391 0.036916165750687215 15
1784241615341 0.03330609816594214 16
1784241654692 0.032109468909434 17
1784241692174 0.03431044083406584 18
1784241733776 0.029305075337995753 19
1784241771889 0.027892334174283957 20
1784241806188 0.031186405306675737 21
1784241841577 0.027877404540184694 22
1784241878970 0.024864353277493315 23
1784241917063 0.006406071730410168 24
1784241959697 0.0038744499428729614 25
1784241998378 0.003117345513593306 26
1784242033096 0.002710395878851195 27
1784242071114 0.0022860332243462788 28
1784242110975 0.002102286085492723 29
1784242149455 0.0018451194638605681 30
1784242187740 0.001679678327907535 31
1784242226448 0.0014593496867122446 32
1784242264670 0.0013151027769744102 33
1784242304816 0.001184622344083 34
1784242344976 0.001136608427777872 35
1784242385541 0.0010395242811382295 36
1784242433738 0.0009272206199473016 37
1784242476819 0.0007947448763368262 38
1784242522508 0.0008352658623624563 39
1784242557278 0.0007180933039206645 40
1784242591708 0.0004712639478134132 41
1784242626058 0.00042594470497288073 42
1784242660598 0.0004113744745208239 43
1784242696711 0.00040148516431034206 44
1784242731897 0.0003931351823760592 45
1784242766953 0.00038575472983954685 46
1784242801643 0.0003805207120504727 47
1784242836883 0.0003734063436590626 48
1784242873870 0.00036246159811185666 49
1784242907532 0.00035980570705601784 50
1784242940540 0.0003543319687200488 51
1784242975054 0.00033333397606192676 52
1784243018496 0.0003311424938006893 53
1784243061718 0.00032968837200714917 54
1784243093694 0.0003288776296396886 55
1784243123948 0.0003282113900949377 56
1784243156700 0.0003275018716922018 57
1784243188695 0.00032669098855559934 58
1784243220531 0.00032598506307866056 59
1784243252599 0.0003252923450857611 60
1784243286274 0.0003246230446149909 61
1784243319364 0.00032431765296105964 62
1784243351083 0.0003215592088402576 63
1784243382431 0.00032149845431338436 64
1784243413915 0.0003214346265682238 65
1784243445324 0.0003213677922141934 66
1784243482790 0.0003213135298914866 67
1784243513883 0.00032125692961427175 68
1784243546884 0.0003211817731083328 69
1784243577535 0.00032113224576485987 70
