1784277058005 2.332063674926758 0
1784277058019 2.1869499683380127 1
1784277058031 2.27419376373291 2
1784277058043 2.2758960723876953 3
1784277058055 2.074974298477173 4
1784277058067 1.813194990158081 5
1784277058078 1.9933710098266602 6
1784277058091 1.8890666961669922 7
1784277058102 1.7287160158157349 8
1784277058114 1.7106602191925049 9
1784277058127 1.4552356004714966 10
1784277058140 1.4191373586654663 11
1784277058152 1.3305758237838745 12
1784277058166 1.422688364982605 13
1784277058179 1.3929259777069092 14
1784277058191 1.440077304840088 15
1784277058205 1.0736260414123535 16
1784277058216 1.1734380722045898 17
1784277058228 1.2546523809432983 18
1784277058240 1.0670166015625 19
1784277058251 0.9769154191017151 20
1784277058275 0.8435637354850769 21
1784277058288 0.90708327293396 22
1784277058301 0.7801536321640015 23
1784277058313 0.857886552810669 24
1784277058326 0.852615237236023 25
1784277058337 1.1137681007385254 26
1784277058350 0.8592566847801208 27
1784277058363 0.8799923658370972 28
1784277058375 0.7356372475624084 29
1784277058387 1.0034654140472412 30
1784277058400 0.709784746170044 31
1784277058413 0.6404304504394531 32
1784277058425 0.4852124750614166 33
1784277058438 0.6516005396842957 34
1784277058450 0.9036158323287964 35
1784277058464 0.8904095888137817 36
1784277058476 0.536856472492218 37
1784277058488 0.7420780062675476 38
1784277058500 0.47571685910224915 39
1784277058513 0.8417999744415283 40
1784277058526 0.6324529051780701 41
1784277058538 1.0386111736297607 42
1784277058550 0.33682700991630554 43
1784277058564 0.7519511580467224 44
1784277058575 0.6298485398292542 45
1784277058588 0.29173702001571655 46
1784277058599 0.7905867099761963 47
1784277058611 0.5035045742988586 48
1784277058624 0.34870660305023193 49
1784277058637 0.6403101682662964 50
1784277058650 0.7392188310623169 51
1784277058668 0.5555276274681091 52
1784277058681 0.74135822057724 53
1784277058695 0.5727765560150146 54
1784277058711 0.7042357921600342 55
1784277058726 0.3824540078639984 56
1784277058740 0.7354987263679504 57
1784277058753 0.6495752930641174 58
1784277058766 0.6154959201812744 59
1784277058778 0.8036373853683472 60
1784277058790 0.6189565062522888 61
1784277058802 1.0449658632278442 62
1784277058814 0.6551790237426758 63
1784277058827 0.5947526693344116 64
1784277058841 0.43106526136398315 65
1784277058853 0.6747865080833435 66
1784277058866 0.7304765582084656 67
1784277058878 0.7303979992866516 68
1784277058890 0.7835603952407837 69
1784277058902 0.4833105802536011 70
1784277058915 0.626314640045166 71
1784277058931 0.37093979120254517 72
1784277058943 0.7940021753311157 73
1784277058955 0.8534330725669861 74
1784277058967 0.585185170173645 75
1784277058980 0.7610599398612976 76
1784277058994 0.472139835357666 77
1784277059006 0.8276297450065613 78
1784277059019 0.6979005336761475 79
1784277059031 0.5062025785446167 80
1784277059047 0.756273090839386 81
1784277059062 0.7159796953201294 82
1784277059074 0.507656455039978 83
1784277059087 0.34948042035102844 84
1784277059100 0.7034022808074951 85
1784277059112 0.5780183672904968 86
1784277059125 0.3933793306350708 87
1784277059138 0.6131980419158936 88
1784277059152 0.6313298344612122 89
1784277059164 0.6212321519851685 90
1784277059182 0.5777912735939026 91
1784277059198 0.6195294260978699 92
1784277059213 0.4396771192550659 93
1784277059227 0.5981802344322205 94
1784277059241 0.5674595832824707 95
1784277059256 0.77582848072052 96
1784277059269 0.5836681723594666 97
1784277059283 0.5789101123809814 98
1784277059295 0.5868000388145447 99
1784277059308 0.8597415089607239 100
1784277059320 0.9475578665733337 101
1784277059332 0.36285853385925293 102
1784277059346 0.47232669591903687 103
1784277059359 0.3841080963611603 104
1784277059372 0.5255311131477356 105
1784277059386 0.5126081109046936 106
1784277059399 0.5231500267982483 107
1784277059413 0.454673171043396 108
1784277059426 0.5802032947540283 109
1784277059438 0.36009588837623596 110
1784277059450 0.5220430493354797 111
1784277059463 0.5301992893218994 112
1784277059474 0.4431372880935669 113
1784277059489 0.523892343044281 114
1784277059501 0.6135751605033875 115
1784277059513 0.4160434603691101 116
1784277059528 0.4401790201663971 117
1784277059541 0.3830645680427551 118
1784277059553 0.6387420296669006 119
1784277059566 0.4532080888748169 120
1784277059579 0.381645143032074 121
1784277059592 0.2658628821372986 122
1784277059607 0.8056279420852661 123
1784277059619 0.7832736372947693 124
1784277059631 0.34260058403015137 125
1784277059644 0.21852952241897583 126
1784277059658 0.3699309527873993 127
1784277059670 0.37486517429351807 128
1784277059684 0.46808668971061707 129
1784277059696 0.15797388553619385 130
1784277059710 0.4558996558189392 131
1784277059722 0.24597208201885223 132
1784277059733 0.31362858414649963 133
1784277059745 0.73101806640625 134
1784277059758 0.4272612929344177 135
1784277059770 0.4707769751548767 136
1784277059782 0.6834264993667603 137
1784277059794 0.2859795093536377 138
1784277059808 0.23820900917053223 139
1784277059820 0.5986167788505554 140
1784277059832 0.6113904714584351 141
1784277059846 0.7250484824180603 142
1784277059859 0.40448838472366333 143
1784277059872 0.4444926679134369 144
1784277059887 0.3659190535545349 145
1784277059898 0.4045422673225403 146
1784277059910 0.23626366257667542 147
1784277059923 0.29044413566589355 148
1784277059934 0.39410826563835144 149
1784277059946 0.5037556886672974 150
1784277059958 0.5990784764289856 151
1784277059970 0.2316511571407318 152
1784277059982 0.41947633028030396 153
1784277059995 0.4839607775211334 154
1784277060007 0.6589561700820923 155
1784277060022 0.47108083963394165 156
1784277060034 0.24422863125801086 157
1784277060046 0.677859365940094 158
1784277060059 0.7902858853340149 159
1784277060072 0.45412006974220276 160
1784277060083 0.9689121842384338 161
1784277060097 0.7135432958602905 162
1784277060109 0.8743547201156616 163
1784277060122 0.3091734051704407 164
1784277060134 0.60884028673172 165
1784277060146 0.6482673287391663 166
1784277060158 0.6094028353691101 167
1784277060171 0.5196405053138733 168
1784277060183 0.29425641894340515 169
1784277060195 0.36725565791130066 170
1784277060208 0.461861789226532 171
1784277060220 0.5349760055541992 172
1784277060232 0.8484094738960266 173
1784277060246 0.5412415266036987 174
1784277060258 0.36328214406967163 175
1784277060270 0.7343433499336243 176
1784277060283 0.3454262614250183 177
1784277060296 0.29026082158088684 178
1784277060309 0.2960490882396698 179
1784277060321 0.563501238822937 180
1784277060333 0.5503281354904175 181
1784277060346 0.25463932752609253 182
1784277060359 0.40124860405921936 183
1784277060371 0.45942601561546326 184
1784277060383 0.45028722286224365 185
1784277060395 0.37515631318092346 186
1784277060408 0.3559626340866089 187
1784277060421 0.5665077567100525 188
1784277060432 0.2489652931690216 189
1784277060446 0.29904282093048096 190
1784277060459 0.133503258228302 191
1784277060472 0.3777107894420624 192
1784277060483 0.5567023158073425 193
1784277060495 0.6713041663169861 194
1784277060508 0.19668206572532654 195
1784277060521 0.4011024236679077 196
1784277060532 0.4849884510040283 197
1784277060546 0.5379314422607422 198
1784277060558 0.6329219937324524 199
1784277060570 0.5132766366004944 200
1784277060583 0.32548612356185913 201
1784277060597 0.47007623314857483 202
1784277060610 0.7497645616531372 203
1784277060623 0.22884680330753326 204
1784277060634 0.23447084426879883 205
1784277060647 0.24252857267856598 206
1784277060661 0.22830812633037567 207
1784277060674 0.2221946120262146 208
1784277060686 0.7265356183052063 209
1784277060699 0.30188170075416565 210
1784277060713 0.8274149894714355 211
1784277060725 0.14883188903331757 212
1784277060738 0.2567587196826935 213
1784277060750 0.6276015639305115 214
1784277060762 0.27675652503967285 215
1784277060774 0.35014522075653076 216
1784277060785 0.24712121486663818 217
1784277060799 0.22015002369880676 218
1784277060813 0.5020657777786255 219
1784277060826 0.2589038908481598 220
1784277060839 0.3627089262008667 221
1784277060850 0.36492276191711426 222
1784277060864 0.3225286304950714 223
1784277060876 0.4035257399082184 224
1784277060888 0.3730994164943695 225
1784277060900 0.4660062789916992 226
1784277060913 0.723422110080719 227
1784277060925 0.4453200101852417 228
1784277060939 0.46028560400009155 229
1784277060951 0.4673619866371155 230
1784277060964 0.25230035185813904 231
1784277060976 0.4620487689971924 232
1784277060989 0.15180842578411102 233
1784277061002 0.49268069863319397 234
1784277061015 0.9046534895896912 235
1784277061029 0.4612661302089691 236
1784277061041 0.41511616110801697 237
1784277061053 0.3330247700214386 238
1784277061065 0.5133125185966492 239
1784277061078 0.18049326539039612 240
1784277061092 0.31376421451568604 241
1784277061107 0.3112855553627014 242
1784277061120 0.5315694212913513 243
1784277061131 0.2959063947200775 244
1784277061143 0.49735531210899353 245
1784277061157 0.3085193336009979 246
1784277061170 0.30347031354904175 247
1784277061184 0.28992709517478943 248
1784277061197 0.3535518944263458 249
1784277061211 0.8594478368759155 250
1784277061225 0.4484609067440033 251
1784277061236 0.3586505353450775 252
1784277061249 0.27573245763778687 253
1784277061262 0.26725783944129944 254
1784277061275 0.42119958996772766 255
1784277061287 0.4497731924057007 256
1784277061300 0.43008989095687866 257
1784277061313 0.14805227518081665 258
1784277061326 0.12978336215019226 259
1784277061339 0.11914201080799103 260
1784277061352 0.2439652681350708 261
1784277061364 0.24591588973999023 262
1784277061378 0.6338346600532532 263
1784277061392 0.2088824361562729 264
1784277061407 0.47504061460494995 265
1784277061425 0.2820936143398285 266
1784277061438 0.2592948377132416 267
1784277061451 0.6688234806060791 268
1784277061465 0.19606217741966248 269
1784277061480 0.23028185963630676 270
1784277061495 0.27420443296432495 271
1784277061508 0.7237488627433777 272
1784277061520 0.2604976296424866 273
1784277061535 0.48748183250427246 274
1784277061549 0.6315438747406006 275
1784277061562 0.31683775782585144 276
1784277061573 0.14150071144104004 277
1784277061585 0.4167354702949524 278
1784277061597 0.6069669723510742 279
1784277061617 0.48074617981910706 280
1784277061630 0.35982656478881836 281
1784277061643 0.5278709530830383 282
1784277061655 0.4679671823978424 283
1784277061667 0.5903680920600891 284
1784277061679 0.344818115234375 285
1784277061692 0.23016101121902466 286
1784277061704 0.5135996341705322 287
1784277061717 0.48881077766418457 288
1784277061730 0.4003233015537262 289
1784277061742 0.21759243309497833 290
1784277061754 0.4731784164905548 291
1784277061766 0.5808199048042297 292
1784277061778 0.4631766080856323 293
1784277061790 0.4257371425628662 294
1784277061803 0.4385131895542145 295
1784277061816 0.30623674392700195 296
1784277061829 0.6011751890182495 297
1784277061841 0.359890341758728 298
1784277061854 0.17053303122520447 299
1784277061866 0.2892274856567383 300
1784277061879 0.496258020401001 301
1784277061891 0.44621962308883667 302
1784277061903 0.32062187790870667 303
1784277061917 0.3337039351463318 304
1784277061930 0.17808659374713898 305
1784277061942 0.3879072964191437 306
1784277061955 0.6790928244590759 307
1784277061967 0.31908851861953735 308
1784277061979 0.31585264205932617 309
1784277061991 0.57261061668396 310
1784277062004 0.5532259941101074 311
1784277062015 0.32694903016090393 312
1784277062027 0.30753880739212036 313
1784277062041 0.32945746183395386 314
1784277062052 0.4320228695869446 315
1784277062065 0.37356284260749817 316
1784277062077 0.3833386301994324 317
1784277062090 0.3505191206932068 318
1784277062101 0.30369487404823303 319
1784277062113 0.6289353966712952 320
1784277062125 0.1701952964067459 321
1784277062139 0.3046615421772003 322
1784277062151 0.4392033815383911 323
1784277062164 0.3172817826271057 324
1784277062175 0.6328495144844055 325
1784277062187 0.1529420167207718 326
1784277062200 0.7205432653427124 327
1784277062212 0.36109909415245056 328
1784277062224 0.44056084752082825 329
1784277062239 0.21416659653186798 330
1784277062250 0.4627752900123596 331
1784277062263 0.635908305644989 332
1784277062276 0.6056551933288574 333
1784277062289 0.1930106282234192 334
1784277062301 0.17879702150821686 335
1784277062313 0.25713279843330383 336
1784277062326 0.2111804187297821 337
1784277062339 0.18523161113262177 338
1784277062352 0.11713378131389618 339
1784277062367 0.5167341828346252 340
1784277062379 0.2503187358379364 341
1784277062392 0.431227445602417 342
1784277062405 0.36281663179397583 343
1784277062416 0.4212639033794403 344
1784277062430 0.13794386386871338 345
1784277062443 0.19586917757987976 346
1784277062457 0.3084333539009094 347
1784277062469 0.4907818138599396 348
1784277062480 0.4730609059333801 349
1784277062492 0.3999641239643097 350
1784277062505 0.3384602665901184 351
1784277062516 0.4915139973163605 352
1784277062529 0.4663426876068115 353
1784277062541 0.6297335624694824 354
1784277062553 0.3088180124759674 355
1784277062564 0.2389484941959381 356
1784277062577 0.3902902603149414 357
1784277062589 0.466068834066391 358
1784277062601 0.30110645294189453 359
1784277062613 0.6331936717033386 360
1784277062626 0.19426919519901276 361
1784277062639 0.8200123906135559 362
1784277062650 0.43128132820129395 363
1784277062663 0.20713144540786743 364
1784277062675 0.24272607266902924 365
1784277062688 0.4798656702041626 366
1784277062701 0.16004501283168793 367
1784277062713 0.27409639954566956 368
1784277062727 0.2895808815956116 369
1784277062740 0.3523672819137573 370
1784277062752 0.3687930405139923 371
1784277062765 0.46013379096984863 372
1784277062777 0.3037928640842438 373
1784277062790 0.30059972405433655 374
1784277062803 0.257243275642395 375
1784277062816 0.19900014996528625 376
1784277062832 0.39903151988983154 377
1784277062845 0.27128443121910095 378
1784277062858 0.22444649040699005 379
1784277062870 0.24173977971076965 380
1784277062882 0.7658032774925232 381
1784277062895 0.2582782804965973 382
1784277062909 0.14953608810901642 383
1784277062922 0.37069210410118103 384
1784277062936 0.27905747294425964 385
1784277062949 0.577282726764679 386
1784277062962 0.43704304099082947 387
1784277062975 0.7308802604675293 388
1784277062988 0.3584940433502197 389
1784277063001 0.328925758600235 390
1784277063013 0.14953310787677765 391
1784277063026 0.14234310388565063 392
1784277063039 0.6894090175628662 393
1784277063051 0.38434162735939026 394
1784277063064 0.49160829186439514 395
1784277063076 0.3631897568702698 396
1784277063089 0.7689124345779419 397
1784277063101 0.41642552614212036 398
1784277063115 0.3996332883834839 399
1784277063127 0.5619964003562927 400
1784277063140 0.35857829451560974 401
1784277063151 0.1762952357530594 402
1784277063166 0.25541388988494873 403
1784277063180 0.12052974849939346 404
1784277063193 0.23633530735969543 405
1784277063206 0.2000505030155182 406
1784277063220 0.41384947299957275 407
1784277063232 0.38276585936546326 408
1784277063244 0.6044632196426392 409
1784277063257 0.22393886744976044 410
1784277063269 0.19198109209537506 411
1784277063281 0.37312448024749756 412
1784277063294 0.28161290287971497 413
1784277063308 0.20323188602924347 414
1784277063322 0.47769349813461304 415
1784277063334 0.5659048557281494 416
1784277063347 0.2842370569705963 417
1784277063360 0.3888808488845825 418
1784277063371 0.19135257601737976 419
1784277063384 0.528477668762207 420
1784277063398 0.37941092252731323 421
1784277063411 0.5296736359596252 422
1784277063424 0.12881889939308167 423
1784277063437 0.11255204677581787 424
1784277063449 0.24100159108638763 425
1784277063462 0.16721683740615845 426
1784277063475 0.5542551279067993 427
1784277063487 0.7477729320526123 428
1784277063499 0.46764057874679565 429
1784277063512 0.5257490277290344 430
1784277063525 0.5669387578964233 431
1784277063539 0.5382968187332153 432
1784277063554 0.3891669809818268 433
1784277063567 0.19883596897125244 434
1784277063580 0.6012165546417236 435
1784277063592 0.5742760896682739 436
1784277063604 0.23605555295944214 437
1784277063618 0.27810990810394287 438
1784277063633 0.3266204595565796 439
1784277063648 0.5941192507743835 440
1784277063663 0.46887701749801636 441
1784277063678 0.37526899576187134 442
1784277063693 0.520273745059967 443
1784277063707 0.30077406764030457 444
1784277063720 0.449341356754303 445
1784277063732 0.37210792303085327 446
1784277063745 0.14987896382808685 447
1784277063757 0.7254899144172668 448
1784277063769 0.13799652457237244 449
1784277063781 0.5559874176979065 450
1784277063794 0.6861721277236938 451
1784277063806 0.28582853078842163 452
1784277063819 0.1313856542110443 453
1784277063831 0.6753167510032654 454
1784277063844 0.2776786684989929 455
1784277063856 0.2961209714412689 456
1784277063869 0.14923378825187683 457
1784277063881 0.2825777530670166 458
1784277063896 0.20499901473522186 459
1784277063910 0.1481398195028305 460
1784277063923 0.19079279899597168 461
1784277063936 0.19735918939113617 462
1784277063948 0.4383944272994995 463
1784277063962 0.33609941601753235 464
1784277063973 0.28925374150276184 465
1784277063984 0.28050586581230164 466
1784277063998 0.32149168848991394 467
1784277064010 0.46803686022758484 468
1784277064023 0.5346401929855347 469
1784277064035 0.21817953884601593 470
1784277064048 0.4306333065032959 471
1784277064061 0.525873064994812 472
1784277064074 0.3487846255302429 473
1784277064087 0.46244484186172485 474
1784277064099 0.24457386136054993 475
1784277064110 0.28785499930381775 476
1784277064122 0.38582780957221985 477
1784277064136 0.1475798636674881 478
1784277064149 0.23665452003479004 479
1784277064162 0.3338266611099243 480
1784277064175 0.28651273250579834 481
1784277064188 0.4083879888057709 482
1784277064200 0.45630696415901184 483
1784277064213 0.13039536774158478 484
1784277064225 0.40330278873443604 485
1784277064238 0.510339081287384 486
1784277064251 0.2498248666524887 487
1784277064264 0.3116665780544281 488
1784277064278 0.1826029121875763 489
1784277064292 0.14892736077308655 490
1784277064303 0.23435287177562714 491
1784277064315 0.31126174330711365 492
1784277064327 0.389959454536438 493
1784277064339 0.34834232926368713 494
1784277064351 0.2724178731441498 495
1784277064363 0.6716474890708923 496
1784277064376 0.2219279259443283 497
1784277064389 0.26791656017303467 498
1784277064402 0.2676716148853302 499
1784277064415 0.30548644065856934 500
1784277064428 0.5681406259536743 501
1784277064441 0.13082632422447205 502
1784277064453 0.19365878403186798 503
1784277064466 0.10428740084171295 504
1784277064478 0.19047081470489502 505
1784277064492 0.5716151595115662 506
1784277064504 0.3806055188179016 507
1784277064515 0.3162752687931061 508
1784277064529 0.20863105356693268 509
1784277064541 0.5748485922813416 510
1784277064554 0.5358574986457825 511
1784277064580 0.3539094924926758 512
1784277064593 0.2927429974079132 513
1784277064606 0.15197649598121643 514
1784277064618 0.13564704358577728 515
1784277064630 0.5536649823188782 516
1784277064643 0.24215254187583923 517
1784277064656 0.3287322521209717 518
1784277064667 0.48476463556289673 519
1784277064679 0.29891377687454224 520
1784277064692 0.13611797988414764 521
1784277064706 0.2443142533302307 522
1784277064717 0.2629479765892029 523
1784277064730 0.3435726463794708 524
1784277064742 0.1861223578453064 525
1784277064754 0.22168762981891632 526
1784277064767 0.16154511272907257 527
1784277064779 0.42782288789749146 528
1784277064791 0.24939629435539246 529
1784277064805 0.2380450963973999 530
1784277064816 0.15572158992290497 531
1784277064830 0.06935343891382217 532
1784277064842 0.2946373224258423 533
1784277064854 0.49312347173690796 534
1784277064866 0.858976423740387 535
1784277064879 0.3865503966808319 536
1784277064891 0.2466220259666443 537
1784277064903 0.47107258439064026 538
1784277064915 0.5466839671134949 539
1784277064929 0.420052170753479 540
1784277064941 0.2817476689815521 541
1784277064954 0.3973221480846405 542
1784277064970 0.3547605574131012 543
1784277064981 0.2534352242946625 544
1784277064994 0.13011051714420319 545
1784277065007 0.3927939832210541 546
1784277065020 0.06491653621196747 547
1784277065031 0.16589871048927307 548
1784277065045 0.31184348464012146 549
1784277065057 0.21198496222496033 550
1784277065068 0.37150469422340393 551
1784277065080 0.28254956007003784 552
1784277065092 0.5484116077423096 553
1784277065105 0.24120986461639404 554
1784277065117 0.3226417303085327 555
1784277065129 0.2908233404159546 556
1784277065143 0.38180771470069885 557
1784277065155 0.17640052735805511 558
1784277065167 0.47244617342948914 559
1784277065180 0.20949386060237885 560
1784277065192 0.2317800372838974 561
1784277065204 0.572775661945343 562
1784277065216 0.46376296877861023 563
1784277065229 0.19155451655387878 564
1784277065241 0.7232418060302734 565
1784277065254 0.12629549205303192 566
1784277065265 0.2063267081975937 567
1784277065277 0.4682506322860718 568
1784277065290 0.14257697761058807 569
1784277065301 0.520006000995636 570
1784277065313 0.11018656939268112 571
1784277065326 0.31384193897247314 572
1784277065338 0.13021968305110931 573
1784277065349 0.519924521446228 574
1784277065363 0.20404237508773804 575
1784277065376 0.1859162449836731 576
1784277065388 0.40700241923332214 577
1784277065400 0.19830995798110962 578
1784277065413 0.3392932116985321 579
1784277065426 0.40134233236312866 580
1784277065439 0.12367433309555054 581
1784277065451 0.4124995172023773 582
1784277065463 0.28025391697883606 583
1784277065476 0.2632927894592285 584
1784277065488 0.36156564950942993 585
1784277065500 0.6203669309616089 586
1784277065513 0.5754215717315674 587
1784277065525 0.2340201437473297 588
1784277065538 0.4211758077144623 589
1784277065550 0.19307801127433777 590
1784277065564 0.16062119603157043 591
1784277065576 0.5851516127586365 592
1784277065590 0.9203677177429199 593
1784277065601 0.3648584187030792 594
1784277065613 0.3358287811279297 595
1784277065625 0.11550112068653107 596
1784277065636 0.2420545518398285 597
1784277065649 0.3294524848461151 598
1784277065663 0.34900304675102234 599
1784277065676 0.20884321630001068 600
1784277065688 0.10774729400873184 601
1784277065701 0.29902058839797974 602
1784277065713 0.1445995271205902 603
1784277065725 0.5577625036239624 604
1784277065737 0.11510035395622253 605
1784277065749 0.141142800450325 606
1784277065762 0.15332786738872528 607
1784277065774 0.18281325697898865 608
1784277065785 0.25636041164398193 609
1784277065798 0.254289835691452 610
1784277065812 0.14024418592453003 611
1784277065826 0.24754835665225983 612
1784277065841 0.32305651903152466 613
1784277065857 0.438038170337677 614
1784277065873 0.26065143942832947 615
1784277065886 0.11774009466171265 616
1784277065899 0.37759846448898315 617
1784277065916 0.32215946912765503 618
1784277065931 0.33799511194229126 619
1784277065945 0.4776685833930969 620
1784277065958 0.3091798424720764 621
1784277065972 0.16179031133651733 622
1784277065984 0.5253587365150452 623
1784277065997 0.21603214740753174 624
1784277066010 0.3059813380241394 625
1784277066024 0.5289266705513 626
1784277066041 0.09100734442472458 627
1784277066055 0.16274502873420715 628
1784277066066 0.24424579739570618 629
1784277066080 0.17660000920295715 630
1784277066093 0.35110658407211304 631
1784277066107 0.19227595627307892 632
1784277066120 0.2150866985321045 633
1784277066135 0.25861525535583496 634
1784277066152 0.40987223386764526 635
1784277066166 0.13159960508346558 636
1784277066179 0.3654933273792267 637
1784277066192 0.26362064480781555 638
1784277066206 0.3094461262226105 639
1784277066218 0.0901726558804512 640
1784277066231 0.20952805876731873 641
1784277066243 0.6217307448387146 642
1784277066259 0.4062890410423279 643
1784277066272 0.19795353710651398 644
1784277066283 0.31932884454727173 645
1784277066296 0.7274293303489685 646
1784277066309 0.39466825127601624 647
1784277066322 0.402760773897171 648
1784277066335 0.3501180410385132 649
1784277066346 0.5266276001930237 650
1784277066358 0.18490128219127655 651
1784277066370 0.5783092975616455 652
1784277066382 0.09336022287607193 653
1784277066395 0.3835000693798065 654
1784277066407 0.2830388844013214 655
1784277066419 0.31162509322166443 656
1784277066432 0.2577022612094879 657
1784277066445 0.3664647936820984 658
1784277066458 0.12790721654891968 659
1784277066470 0.3197813630104065 660
1784277066482 0.3869195580482483 661
1784277066495 0.4288974702358246 662
1784277066509 0.28720706701278687 663
1784277066521 0.48202526569366455 664
1784277066532 0.1868673712015152 665
1784277066546 0.14569614827632904 666
1784277066559 0.22478854656219482 667
1784277066571 0.5588878393173218 668
1784277066582 0.2716624140739441 669
1784277066596 0.40010198950767517 670
1784277066609 0.20474602282047272 671
1784277066622 0.40490320324897766 672
1784277066636 0.40218666195869446 673
1784277066648 0.4036961793899536 674
1784277066660 0.5384253263473511 675
1784277066673 0.2366122603416443 676
1784277066685 0.3513835668563843 677
1784277066697 0.18207231163978577 678
1784277066711 0.1682516485452652 679
1784277066726 0.25181862711906433 680
1784277066739 0.19732190668582916 681
1784277066752 0.20711374282836914 682
1784277066764 0.4534272253513336 683
1784277066777 0.3804612457752228 684
1784277066790 0.17270611226558685 685
1784277066803 0.32070642709732056 686
1784277066815 0.30018922686576843 687
1784277066827 0.28230226039886475 688
1784277066842 0.1957804411649704 689
1784277066860 0.2869459390640259 690
1784277066873 0.36564016342163086 691
1784277066884 0.2221139520406723 692
1784277066898 0.2988167107105255 693
1784277066911 0.5157721042633057 694
1784277066923 0.20830926299095154 695
1784277066936 0.1342468410730362 696
1784277066947 0.12993885576725006 697
1784277066959 0.2385774403810501 698
1784277066972 0.41106295585632324 699
1784277066985 0.5771464109420776 700
1784277066999 0.10542964190244675 701
1784277067012 0.35048094391822815 702
1784277067025 0.38815030455589294 703
1784277067038 0.32401350140571594 704
1784277067050 0.36610889434814453 705
1784277067063 0.15388014912605286 706
1784277067078 0.32882609963417053 707
1784277067090 0.30106091499328613 708
1784277067102 0.41878098249435425 709
1784277067114 0.27221816778182983 710
1784277067128 0.17248575389385223 711
1784277067140 0.24793094396591187 712
1784277067152 0.3475482761859894 713
1784277067164 0.2846777141094208 714
1784277067177 0.4333915710449219 715
1784277067191 0.45631593465805054 716
1784277067204 0.6527649760246277 717
1784277067216 0.1634642481803894 718
1784277067228 0.22366949915885925 719
1784277067241 0.39768651127815247 720
1784277067253 0.5100805759429932 721
1784277067264 0.19440872967243195 722
1784277067277 0.18748362362384796 723
1784277067289 0.3856970965862274 724
1784277067300 0.5203425288200378 725
1784277067312 0.40577617287635803 726
1784277067326 0.3713015019893646 727
1784277067339 0.4110974073410034 728
1784277067350 0.2030269205570221 729
1784277067364 0.28080037236213684 730
1784277067376 0.316895067691803 731
1784277067388 0.601036548614502 732
1784277067400 0.2621319890022278 733
1784277067412 0.43564531207084656 734
1784277067425 0.19597002863883972 735
1784277067437 0.22638869285583496 736
1784277067449 0.23748408257961273 737
1784277067461 0.2667732238769531 738
1784277067473 0.17165590822696686 739
1784277067485 0.21712569892406464 740
1784277067497 0.11086982488632202 741
1784277067511 0.6413891911506653 742
1784277067524 0.23158006370067596 743
1784277067536 0.5130941867828369 744
1784277067549 0.21212829649448395 745
1784277067562 0.38822677731513977 746
1784277067574 0.1644909679889679 747
1784277067586 0.48218676447868347 748
1784277067598 0.33641186356544495 749
1784277067612 0.22772279381752014 750
1784277067625 0.175455704331398 751
1784277067639 0.6963571906089783 752
1784277067652 0.4250113368034363 753
1784277067663 0.1955246925354004 754
1784277067675 0.1746787130832672 755
1784277067688 0.4271513521671295 756
1784277067702 0.12183557450771332 757
1784277067713 0.20453773438930511 758
1784277067727 0.18548732995986938 759
1784277067740 0.14063501358032227 760
1784277067754 0.32587331533432007 761
1784277067766 0.2371731400489807 762
1784277067778 0.44922712445259094 763
1784277067790 0.6464015245437622 764
1784277067803 0.4558388292789459 765
1784277067816 0.3965493440628052 766
1784277067829 0.25543326139450073 767
1784277067841 0.15418002009391785 768
1784277067856 0.4477231800556183 769
1784277067869 0.2582632005214691 770
1784277067881 0.4285341799259186 771
1784277067894 0.233388289809227 772
1784277067906 0.0848015770316124 773
1784277067922 0.21142984926700592 774
1784277067934 0.09478798508644104 775
1784277067947 0.3363657593727112 776
1784277067961 0.21853259205818176 777
1784277067974 0.5657957196235657 778
1784277067986 0.12091723829507828 779
1784277067999 0.4515599012374878 780
1784277068014 0.3002355098724365 781
1784277068030 0.06395531445741653 782
1784277068042 0.10555126518011093 783
1784277068056 0.1516459733247757 784
1784277068070 0.24771441519260406 785
1784277068085 0.33627641201019287 786
1784277068099 0.18235477805137634 787
1784277068113 0.3593546450138092 788
1784277068128 0.2849065065383911 789
1784277068142 0.2585878074169159 790
1784277068158 0.3736985921859741 791
1784277068171 0.3397456407546997 792
1784277068183 0.17828162014484406 793
1784277068196 0.2772495448589325 794
1784277068208 0.43397748470306396 795
1784277068222 0.16554492712020874 796
1784277068234 0.14744359254837036 797
1784277068247 0.3965974450111389 798
1784277068263 0.10003548115491867 799
1784277068275 0.25373196601867676 800
1784277068287 0.14478351175785065 801
1784277068299 0.3053533434867859 802
1784277068312 0.3999974727630615 803
1784277068325 0.2487042099237442 804
1784277068338 0.3296794891357422 805
1784277068350 0.22276519238948822 806
1784277068363 0.24860252439975739 807
1784277068374 0.28896087408065796 808
1784277068386 0.2318696230649948 809
1784277068398 0.1499089151620865 810
1784277068411 0.10044367611408234 811
1784277068424 0.70503169298172 812
1784277068436 0.11199522763490677 813
1784277068449 0.1705424189567566 814
1784277068462 0.22685040533542633 815
1784277068475 0.3429325520992279 816
1784277068487 0.08715976774692535 817
1784277068501 0.05108259618282318 818
1784277068526 0.18354131281375885 819
1784277068539 0.1786394566297531 820
1784277068551 0.26996755599975586 821
1784277068564 0.13048915565013885 822
1784277068577 0.10663760453462601 823
1784277068590 0.20608212053775787 824
1784277068602 0.17808857560157776 825
1784277068614 0.222860649228096 826
1784277068626 0.24350570142269135 827
1784277068638 0.28575819730758667 828
1784277068650 0.5699807405471802 829
1784277068662 0.24206608533859253 830
1784277068674 0.31655362248420715 831
1784277068686 0.052661363035440445 832
1784277068698 0.28010061383247375 833
1784277068711 0.45617201924324036 834
1784277068724 0.24555978178977966 835
1784277068736 0.1656576246023178 836
1784277068748 0.27659091353416443 837
1784277068763 0.19930118322372437 838
1784277068776 0.23114442825317383 839
1784277068789 0.20734062790870667 840
1784277068800 0.1491917222738266 841
1784277068814 0.7661813497543335 842
1784277068827 0.17627978324890137 843
1784277068840 0.4518662095069885 844
1784277068854 0.2954188585281372 845
1784277068866 0.2587074339389801 846
1784277068878 0.22431816160678864 847
1784277068892 0.07445880025625229 848
1784277068906 0.11096125841140747 849
1784277068922 0.26286017894744873 850
1784277068934 0.2748420238494873 851
1784277068946 0.38795778155326843 852
1784277068959 0.2555619776248932 853
1784277068972 0.5436971187591553 854
1784277068985 0.25831925868988037 855
1784277068997 0.1092182993888855 856
1784277069013 0.3493025302886963 857
1784277069028 0.1373097151517868 858
1784277069042 0.28644391894340515 859
1784277069058 0.32109519839286804 860
1784277069073 0.08044818788766861 861
1784277069086 0.10097809880971909 862
1784277069099 0.13770921528339386 863
1784277069114 0.4933587610721588 864
1784277069130 0.22702674567699432 865
1784277069144 0.19877324998378754 866
1784277069159 0.2962196171283722 867
1784277069170 0.46066904067993164 868
1784277069183 0.2958066463470459 869
1784277069199 0.2731762230396271 870
1784277069214 0.5810366272926331 871
1784277069227 0.27183613181114197 872
1784277069239 0.14992190897464752 873
1784277069250 0.36562269926071167 874
1784277069263 0.39433997869491577 875
1784277069278 0.2056993693113327 876
1784277069291 0.6367679238319397 877
1784277069303 0.29581230878829956 878
1784277069316 0.22815874218940735 879
1784277069330 0.22216147184371948 880
1784277069343 0.10105147957801819 881
1784277069355 0.39901670813560486 882
1784277069367 0.21654608845710754 883
1784277069379 0.292826771736145 884
1784277069393 0.2502645254135132 885
1784277069410 0.3541428744792938 886
1784277069423 0.09821007400751114 887
1784277069435 0.18264590203762054 888
1784277069456 0.22510653734207153 889
1784277069468 0.21164849400520325 890
1784277069482 0.14470051229000092 891
1784277069495 0.5015125870704651 892
1784277069508 0.1029735878109932 893
1784277069519 0.13264654576778412 894
1784277069530 0.20557188987731934 895
1784277069541 0.1673007309436798 896
1784277069553 0.39510905742645264 897
1784277069566 0.2921028435230255 898
1784277069583 0.1260673552751541 899
1784277069597 0.32973432540893555 900
1784277069610 0.24887210130691528 901
1784277069624 0.31503626704216003 902
1784277069638 0.42083925008773804 903
1784277069652 0.6666783094406128 904
1784277069665 0.11828166991472244 905
1784277069678 0.20988650619983673 906
1784277069692 0.02562033385038376 907
1784277069705 0.2894667088985443 908
1784277069719 0.2252642959356308 909
1784277069732 0.27712446451187134 910
1784277069746 0.21870285272598267 911
1784277069761 0.08717240393161774 912
1784277069773 0.18282875418663025 913
1784277069786 0.26118385791778564 914
1784277069799 0.5823526978492737 915
1784277069814 0.7019559741020203 916
1784277069828 0.20501254498958588 917
1784277069841 0.28838348388671875 918
1784277069855 0.10166271775960922 919
1784277069867 0.1529741734266281 920
1784277069879 0.34168708324432373 921
1784277069892 0.2077278047800064 922
1784277069905 0.10992199182510376 923
1784277069920 0.39370739459991455 924
1784277069933 0.3605927526950836 925
1784277069948 0.21818897128105164 926
1784277069962 0.12315463274717331 927
1784277069975 0.6180349588394165 928
1784277069989 0.24728915095329285 929
1784277070002 0.41893652081489563 930
1784277070014 0.4290849566459656 931
1784277070065 0.08239530771970749 932
1784277070095 0.2555513083934784 933
1784277070115 0.23483265936374664 934
1784277070128 0.18827980756759644 935
1784277070140 0.11022654175758362 936
1784277070152 0.5340932607650757 937
1784277070165 0.2549097239971161 938
1784277070177 0.20699186623096466 939
1784277070189 0.10297757387161255 940
1784277070203 0.39461931586265564 941
1784277070216 0.5008438229560852 942
1784277070229 0.43769359588623047 943
1784277070243 0.19139452278614044 944
1784277070256 0.17506201565265656 945
1784277070271 0.28391847014427185 946
1784277070289 0.285319983959198 947
1784277070307 0.10627451539039612 948
1784277070322 0.2295205295085907 949
1784277070339 0.24690474569797516 950
1784277070355 0.1745443344116211 951
1784277070370 0.17250676453113556 952
1784277070383 0.07246945798397064 953
1784277070395 0.10018090158700943 954
1784277070408 0.21783171594142914 955
1784277070422 0.22460894286632538 956
1784277070436 0.12188820540904999 957
1784277070449 0.23554988205432892 958
1784277070463 0.2307801991701126 959
1784277070478 0.18267636001110077 960
1784277070491 0.31342613697052 961
1784277070505 0.17981025576591492 962
1784277070519 0.24281294643878937 963
1784277070533 0.5193620920181274 964
1784277070546 0.2404405027627945 965
1784277070560 0.20954789221286774 966
1784277070573 0.12914642691612244 967
1784277070587 0.0981246680021286 968
1784277070599 0.21281376481056213 969
1784277070613 0.14984801411628723 970
1784277070627 0.375874787569046 971
1784277070639 0.16930288076400757 972
1784277070650 0.08428428322076797 973
1784277070663 0.3010272979736328 974
1784277070676 0.23214219510555267 975
1784277070690 0.20846764743328094 976
1784277070703 0.2363806962966919 977
1784277070716 0.2618373930454254 978
1784277070730 0.30334827303886414 979
1784277070744 0.4002196192741394 980
1784277070758 0.37507978081703186 981
1784277070771 0.1582525074481964 982
1784277070785 0.17074242234230042 983
1784277070798 0.40803638100624084 984
1784277070810 0.5419138073921204 985
1784277070824 0.42242416739463806 986
1784277070838 0.15407794713974 987
1784277070851 0.13788355886936188 988
1784277070866 0.2081180363893509 989
1784277070879 0.15846024453639984 990
1784277070893 0.06512313336133957 991
1784277070906 0.4046960175037384 992
1784277070923 0.037353333085775375 993
1784277070937 0.2012704610824585 994
1784277070951 0.26716119050979614 995
1784277070965 0.12800145149230957 996
1784277070980 0.15025857090950012 997
1784277070991 0.32382461428642273 998
1784277071003 0.1110524907708168 999
1784277071017 0.18992476165294647 1000
1784277071030 0.13324840366840363 1001
1784277071044 0.29134827852249146 1002
1784277071058 0.13000357151031494 1003
1784277071070 0.25692611932754517 1004
1784277071082 0.30193087458610535 1005
1784277071093 0.19545049965381622 1006
1784277071105 0.13888925313949585 1007
1784277071116 0.2387026697397232 1008
1784277071129 0.11695874482393265 1009
1784277071143 0.15470315515995026 1010
1784277071157 0.27292460203170776 1011
1784277071170 0.1217036098241806 1012
1784277071182 0.10029775649309158 1013
1784277071197 0.3143152594566345 1014
1784277071215 0.20632654428482056 1015
1784277071230 0.17079158127307892 1016
1784277071246 0.21865521371364594 1017
1784277071262 0.1238161101937294 1018
1784277071278 0.3723180294036865 1019
1784277071292 0.6257190108299255 1020
1784277071306 0.19010254740715027 1021
1784277071320 0.15588675439357758 1022
1784277071333 0.22627170383930206 1023
1784277071347 0.58994060754776 1024
1784277071361 0.2952343225479126 1025
1784277071374 0.024737227708101273 1026
1784277071388 0.1042560487985611 1027
1784277071401 0.16198717057704926 1028
1784277071415 0.3340167701244354 1029
1784277071429 0.09951231628656387 1030
1784277071442 0.13905677199363708 1031
1784277071456 0.19931930303573608 1032
1784277071468 0.5608330965042114 1033
1784277071485 0.17704063653945923 1034
1784277071502 0.1280229538679123 1035
1784277071515 0.1376914083957672 1036
1784277071527 0.47688600420951843 1037
1784277071541 0.1625320464372635 1038
1784277071554 0.19162841141223907 1039
1784277071568 0.10231801867485046 1040
1784277071581 0.2734718918800354 1041
1784277071594 0.12628136575222015 1042
1784277071608 0.2321608066558838 1043
1784277071622 0.39801982045173645 1044
1784277071634 0.08234988152980804 1045
1784277071647 0.09477730840444565 1046
1784277071661 0.09916646778583527 1047
1784277071674 0.224745512008667 1048
1784277071689 0.18433323502540588 1049
1784277071703 0.1410454660654068 1050
1784277071716 0.15095508098602295 1051
1784277071728 0.4220838248729706 1052
1784277071743 0.2540252208709717 1053
1784277071757 0.4365384876728058 1054
1784277071771 0.39207926392555237 1055
1784277071786 0.08211985975503922 1056
1784277071802 0.36763429641723633 1057
1784277071815 0.27873992919921875 1058
1784277071829 0.15525619685649872 1059
1784277071845 0.252157986164093 1060
1784277071858 0.5727564692497253 1061
1784277071873 0.08482887595891953 1062
1784277071886 0.15457873046398163 1063
1784277071900 0.11550197005271912 1064
1784277071913 0.24581830203533173 1065
1784277071926 0.14740608632564545 1066
1784277071942 0.31273403763771057 1067
1784277071957 0.22244416177272797 1068
1784277071971 0.625771164894104 1069
1784277071985 0.3044389486312866 1070
1784277071999 0.7936704158782959 1071
1784277072013 0.21576164662837982 1072
1784277072028 0.2097058743238449 1073
1784277072041 0.2871582806110382 1074
1784277072057 0.19218702614307404 1075
1784277072072 0.11282448470592499 1076
1784277072085 0.6068381667137146 1077
1784277072099 0.2653597593307495 1078
1784277072113 0.10300573706626892 1079
1784277072127 0.27597111463546753 1080
1784277072140 0.11198417097330093 1081
1784277072155 0.1464630663394928 1082
1784277072171 0.11437538266181946 1083
1784277072184 0.6279972791671753 1084
1784277072196 0.18165789544582367 1085
1784277072210 0.4305034577846527 1086
1784277072224 0.3538459539413452 1087
1784277072238 0.3140561580657959 1088
1784277072252 0.21243686974048615 1089
1784277072264 0.09822245687246323 1090
1784277072277 0.18482403457164764 1091
1784277072292 0.11736227571964264 1092
1784277072306 0.2578320801258087 1093
1784277072317 0.11331110447645187 1094
1784277072330 0.3632828891277313 1095
1784277072344 0.2797544002532959 1096
1784277072358 0.16574214398860931 1097
1784277072371 0.24639056622982025 1098
1784277072385 0.26163753867149353 1099
1784277072398 0.13256239891052246 1100
1784277072412 0.2038816511631012 1101
1784277072424 0.1788087785243988 1102
1784277072438 0.14527428150177002 1103
1784277072451 0.0929720476269722 1104
1784277072464 0.2143818438053131 1105
1784277072477 0.12383829802274704 1106
1784277072492 0.10448087006807327 1107
1784277072508 0.4140999913215637 1108
1784277072525 0.07949848473072052 1109
1784277072541 0.2014339566230774 1110
1784277072557 0.27772051095962524 1111
1784277072572 0.11578576266765594 1112
1784277072586 0.27532175183296204 1113
1784277072600 0.30147042870521545 1114
1784277072615 0.37956079840660095 1115
1784277072629 0.07086391001939774 1116
1784277072644 0.19441354274749756 1117
1784277072657 0.1434105485677719 1118
1784277072671 0.13686084747314453 1119
1784277072684 0.14924664795398712 1120
1784277072698 0.3101881742477417 1121
1784277072713 0.18081355094909668 1122
1784277072727 0.15530700981616974 1123
1784277072741 0.4899062216281891 1124
1784277072755 0.06294519454240799 1125
1784277072768 0.1999962478876114 1126
1784277072782 0.26512324810028076 1127
1784277072794 0.2869393527507782 1128
1784277072806 0.24953924119472504 1129
1784277072819 0.169167622923851 1130
1784277072833 0.7103704214096069 1131
1784277072847 0.08206367492675781 1132
1784277072860 0.2537499666213989 1133
1784277072877 0.28958621621131897 1134
1784277072891 0.4126143157482147 1135
1784277072903 0.22124513983726501 1136
1784277072917 0.284963995218277 1137
1784277072931 0.36024317145347595 1138
1784277072943 0.34687405824661255 1139
1784277072955 0.266787052154541 1140
1784277072966 0.20382869243621826 1141
1784277072979 0.3405558168888092 1142
1784277072992 0.13635662198066711 1143
1784277073005 0.14268621802330017 1144
1784277073016 0.34281817078590393 1145
1784277073029 0.24053917825222015 1146
1784277073042 0.1857203245162964 1147
1784277073056 0.3491440415382385 1148
1784277073066 0.08223392814397812 1149
1784277073080 0.09303481131792068 1150
1784277073093 0.10271422564983368 1151
1784277073106 0.09439829736948013 1152
1784277073124 0.12969189882278442 1153
1784277073139 0.07612092047929764 1154
1784277073151 0.31772270798683167 1155
1784277073165 0.13214543461799622 1156
1784277073179 0.06647562980651855 1157
1784277073192 0.0683981403708458 1158
1784277073206 0.37941309809684753 1159
1784277073220 0.5724547505378723 1160
1784277073232 0.1799308806657791 1161
1784277073246 0.24910272657871246 1162
1784277073259 0.22741496562957764 1163
1784277073272 0.03255855292081833 1164
1784277073283 0.517543375492096 1165
1784277073295 0.3873639404773712 1166
1784277073308 0.5365473628044128 1167
1784277073321 0.3819847106933594 1168
1784277073334 0.3108835518360138 1169
1784277073347 0.12221553921699524 1170
1784277073361 0.1648077666759491 1171
1784277073374 0.5507725477218628 1172
1784277073385 0.1230110377073288 1173
1784277073398 0.35346296429634094 1174
1784277073413 0.6042413711547852 1175
1784277073427 0.12852829694747925 1176
1784277073440 0.2650594115257263 1177
1784277073469 0.42994454503059387 1178
1784277073482 0.28883808851242065 1179
1784277073494 0.22531720995903015 1180
1784277073506 0.1431696116924286 1181
1784277073519 0.3825799226760864 1182
1784277073531 0.12214510142803192 1183
1784277073544 0.24543866515159607 1184
1784277073557 0.11160068213939667 1185
1784277073570 0.15856821835041046 1186
1784277073583 0.14369161427021027 1187
1784277073597 0.3776119649410248 1188
1784277073611 0.25005489587783813 1189
1784277073624 0.4533856511116028 1190
1784277073638 0.13876895606517792 1191
1784277073652 0.293834924697876 1192
1784277073665 0.29369622468948364 1193
1784277073678 0.2938411235809326 1194
1784277073691 0.1885124295949936 1195
1784277073705 0.10970127582550049 1196
1784277073719 0.217826709151268 1197
1784277073730 0.20353253185749054 1198
1784277073744 0.1890735775232315 1199
1784277073758 0.13650579750537872 1200
1784277073773 0.24941898882389069 1201
1784277073786 0.17780998349189758 1202
1784277073801 0.10216977447271347 1203
1784277073816 0.25330227613449097 1204
1784277073830 0.22713950276374817 1205
1784277073845 0.17818313837051392 1206
1784277073860 0.381085604429245 1207
1784277073873 0.04213887080550194 1208
1784277073889 0.11531207710504532 1209
1784277073903 0.2577183246612549 1210
1784277073915 0.03807584568858147 1211
1784277073929 0.33063822984695435 1212
1784277073947 0.467764675617218 1213
1784277073962 0.3749924600124359 1214
1784277073976 0.217450350522995 1215
1784277073991 0.2175236940383911 1216
1784277074006 0.15277443826198578 1217
1784277074020 0.2998153865337372 1218
1784277074034 0.376348078250885 1219
1784277074049 0.11071959137916565 1220
1784277074066 0.08235583454370499 1221
1784277074081 0.18287719786167145 1222
1784277074095 0.6290726065635681 1223
1784277074109 0.24877940118312836 1224
1784277074124 0.23076683282852173 1225
1784277074138 0.08954274654388428 1226
1784277074152 0.18149811029434204 1227
1784277074166 0.3048152029514313 1228
1784277074179 0.5164831876754761 1229
1784277074191 0.20676806569099426 1230
1784277074204 0.09242988377809525 1231
1784277074218 0.2235087901353836 1232
1784277074230 0.08071638643741608 1233
1784277074242 0.18312254548072815 1234
1784277074255 0.49106213450431824 1235
1784277074268 0.18001338839530945 1236
1784277074280 0.12406005710363388 1237
1784277074293 0.5420239567756653 1238
1784277074306 0.12126145511865616 1239
1784277074319 0.20067141950130463 1240
1784277074331 0.44364526867866516 1241
1784277074346 0.12859420478343964 1242
1784277074358 0.08100716024637222 1243
1784277074372 0.20837914943695068 1244
1784277074385 0.15078961849212646 1245
1784277074397 0.10769674181938171 1246
1784277074409 0.1477983146905899 1247
1784277074425 0.35669440031051636 1248
1784277074439 0.06638100743293762 1249
1784277074453 0.2898014485836029 1250
1784277074465 0.2113594263792038 1251
1784277074479 0.36374491453170776 1252
1784277074491 0.4222216308116913 1253
1784277074505 0.38732144236564636 1254
1784277074518 0.3760092258453369 1255
1784277074530 0.14640238881111145 1256
1784277074542 0.36010998487472534 1257
1784277074557 0.19234377145767212 1258
1784277074570 0.25232839584350586 1259
1784277074583 0.25236615538597107 1260
1784277074595 0.2571784257888794 1261
1784277074608 0.16097316145896912 1262
1784277074622 0.19911640882492065 1263
1784277074637 0.11897985637187958 1264
1784277074651 0.19369259476661682 1265
1784277074663 0.28174418210983276 1266
1784277074675 0.24958199262619019 1267
1784277074688 0.08136864751577377 1268
1784277074702 0.19208496809005737 1269
1784277074716 0.06994972378015518 1270
1784277074732 0.49829140305519104 1271
1784277074746 0.2453193962574005 1272
1784277074763 0.05647528916597366 1273
1784277074779 0.2890892028808594 1274
1784277074795 0.3684656620025635 1275
1784277074809 0.136957049369812 1276
1784277074821 0.16989873349666595 1277
1784277074834 0.1792316436767578 1278
1784277074846 0.2536209523677826 1279
1784277074861 0.1575513482093811 1280
1784277074874 0.04550265520811081 1281
1784277074888 0.2584754526615143 1282
1784277074902 0.11220242828130722 1283
1784277074917 0.19534897804260254 1284
1784277074929 0.37686946988105774 1285
1784277074942 0.1581605225801468 1286
1784277074955 0.3398912847042084 1287
1784277074969 0.2363041341304779 1288
1784277074981 0.34598198533058167 1289
1784277074995 0.3174048364162445 1290
1784277075011 0.16382862627506256 1291
1784277075023 0.16303189098834991 1292
1784277075035 0.14069533348083496 1293
1784277075049 0.3748076558113098 1294
1784277075061 0.08788558840751648 1295
1784277075075 0.36618322134017944 1296
1784277075089 0.25034332275390625 1297
1784277075103 0.2279997169971466 1298
1784277075114 0.0707537829875946 1299
1784277075126 0.08840198814868927 1300
1784277075138 0.4952372908592224 1301
1784277075150 0.18654398620128632 1302
1784277075164 0.07526405155658722 1303
1784277075178 0.1094064861536026 1304
1784277075191 0.4807804524898529 1305
1784277075204 0.160524383187294 1306
1784277075218 0.5744504332542419 1307
1784277075232 0.23792967200279236 1308
1784277075249 0.15765538811683655 1309
1784277075260 0.7855803370475769 1310
1784277075273 0.3445168137550354 1311
1784277075285 0.1983269453048706 1312
1784277075296 0.32650333642959595 1313
1784277075311 0.21047785878181458 1314
1784277075323 0.07525535672903061 1315
1784277075335 0.18433213233947754 1316
1784277075348 0.1334705352783203 1317
1784277075361 0.4037613570690155 1318
1784277075373 0.04882931709289551 1319
1784277075387 0.09144728630781174 1320
1784277075399 0.06570279598236084 1321
1784277075412 0.06857645511627197 1322
1784277075426 0.1568027138710022 1323
1784277075440 0.30566728115081787 1324
1784277075453 0.20707900822162628 1325
1784277075470 0.22071366012096405 1326
1784277075482 0.24445629119873047 1327
1784277075497 0.11817748844623566 1328
1784277075511 0.32298094034194946 1329
1784277075524 0.24218788743019104 1330
1784277075538 0.06744182109832764 1331
1784277075551 0.16245876252651215 1332
1784277075565 0.4913085401058197 1333
1784277075579 0.23685681819915771 1334
1784277075593 0.0894167497754097 1335
1784277075607 0.417510986328125 1336
1784277075620 0.24721623957157135 1337
1784277075634 0.19935746490955353 1338
1784277075647 0.15130670368671417 1339
1784277075660 0.2260884940624237 1340
1784277075672 0.21324311196804047 1341
1784277075684 0.2768191993236542 1342
1784277075698 0.14508283138275146 1343
1784277075712 0.06039728224277496 1344
1784277075725 0.2881031632423401 1345
1784277075738 0.1317061185836792 1346
1784277075750 0.32976245880126953 1347
1784277075761 0.07673845440149307 1348
1784277075772 0.15456154942512512 1349
1784277075783 0.2636210024356842 1350
1784277075796 0.24407880008220673 1351
1784277075810 0.1776920109987259 1352
1784277075826 0.24270209670066833 1353
1784277075841 0.321830153465271 1354
1784277075854 0.3146253824234009 1355
1784277075868 0.1329982578754425 1356
1784277075880 0.06817406415939331 1357
1784277075894 0.12259136885404587 1358
1784277075907 0.1529727578163147 1359
1784277075920 0.09747986495494843 1360
1784277075934 0.17788532376289368 1361
1784277075947 0.12249848991632462 1362
1784277075959 0.09322088956832886 1363
1784277075972 0.2427607774734497 1364
1784277075985 0.2759919762611389 1365
1784277075998 0.07583941519260406 1366
1784277076012 0.1272583305835724 1367
1784277076026 0.08177028596401215 1368
1784277076040 0.07995427399873734 1369
1784277076056 0.411901593208313 1370
1784277076071 0.24823056161403656 1371
1784277076085 0.0722418799996376 1372
1784277076097 0.03507659584283829 1373
1784277076110 0.29956555366516113 1374
1784277076125 0.1365467607975006 1375
1784277076138 0.08425464481115341 1376
1784277076151 0.3803477883338928 1377
1784277076162 0.4490349292755127 1378
1784277076176 0.06748627126216888 1379
1784277076188 0.17343023419380188 1380
1784277076200 0.5175812840461731 1381
1784277076213 0.363096684217453 1382
1784277076225 0.18205298483371735 1383
1784277076240 0.1263686567544937 1384
1784277076252 0.5061730742454529 1385
1784277076264 0.08548125624656677 1386
1784277076277 0.09034810215234756 1387
1784277076289 0.27218198776245117 1388
1784277076303 0.07976088672876358 1389
1784277076319 0.1518402099609375 1390
1784277076332 0.1185920387506485 1391
1784277076345 0.12470095604658127 1392
1784277076359 0.24175894260406494 1393
1784277076372 0.06150824576616287 1394
1784277076383 0.14799757301807404 1395
1784277076397 0.08741405606269836 1396
1784277076412 0.18876509368419647 1397
1784277076427 0.2388100028038025 1398
1784277076445 0.34927502274513245 1399
1784277076458 0.20198769867420197 1400
1784277076471 0.050247520208358765 1401
1784277076482 0.6362062096595764 1402
1784277076496 0.11926824599504471 1403
1784277076510 0.2857447862625122 1404
1784277076523 0.05008229613304138 1405
1784277076535 0.14368131756782532 1406
1784277076546 0.28114625811576843 1407
1784277076559 0.251964807510376 1408
1784277076572 0.06544078886508942 1409
1784277076586 0.21143314242362976 1410
1784277076598 0.05026591941714287 1411
1784277076611 0.18535009026527405 1412
1784277076624 0.4302753508090973 1413
1784277076636 0.14270760118961334 1414
1784277076648 0.231517493724823 1415
1784277076661 0.29288583993911743 1416
1784277076675 0.24705936014652252 1417
1784277076689 0.05143586918711662 1418
1784277076702 0.053148578852415085 1419
1784277076715 0.1179574728012085 1420
1784277076728 0.03964142128825188 1421
1784277076742 0.2200126349925995 1422
1784277076754 0.4733785092830658 1423
1784277076768 0.11893564462661743 1424
1784277076781 0.28476059436798096 1425
1784277076795 0.17841115593910217 1426
1784277076808 0.23309466242790222 1427
1784277076823 0.23140589892864227 1428
1784277076837 0.0610809363424778 1429
1784277076850 0.2896202802658081 1430
1784277076863 0.17428889870643616 1431
1784277076876 0.35382288694381714 1432
1784277076890 0.2734246551990509 1433
1784277076902 0.12258710712194443 1434
1784277076914 0.23026570677757263 1435
1784277076930 0.05291936919093132 1436
1784277076947 0.09967904537916183 1437
1784277076963 0.051072001457214355 1438
1784277076979 0.20059549808502197 1439
1784277076995 0.08387338370084763 1440
1784277077011 0.307452917098999 1441
1784277077025 0.31758272647857666 1442
1784277077040 0.18652884662151337 1443
1784277077054 0.2688788175582886 1444
1784277077067 0.3571801483631134 1445
1784277077080 0.16285647451877594 1446
1784277077094 0.10834965109825134 1447
1784277077107 0.20817267894744873 1448
1784277077122 0.15136541426181793 1449
1784277077137 0.1700606644153595 1450
1784277077150 0.133666530251503 1451
1784277077165 0.3849450349807739 1452
1784277077178 0.12398166954517365 1453
1784277077192 0.05685710906982422 1454
1784277077206 0.5171645283699036 1455
1784277077221 0.2262575626373291 1456
1784277077235 0.040006645023822784 1457
1784277077247 0.017028719186782837 1458
1784277077260 0.17647288739681244 1459
1784277077274 0.15974120795726776 1460
1784277077289 0.15294228494167328 1461
1784277077302 0.3431070148944855 1462
1784277077315 0.10193424671888351 1463
1784277077330 0.15004417300224304 1464
1784277077344 0.05831160768866539 1465
1784277077359 0.29197943210601807 1466
1784277077372 0.2037356048822403 1467
1784277077387 0.13528786599636078 1468
1784277077401 0.1961728185415268 1469
1784277077415 0.1191859319806099 1470
1784277077429 0.20734092593193054 1471
1784277077443 0.27627530694007874 1472
1784277077455 0.19345246255397797 1473
1784277077467 0.3570560812950134 1474
1784277077479 0.3374778628349304 1475
1784277077494 0.1147356703877449 1476
1784277077507 0.15076960623264313 1477
1784277077521 0.2630437910556793 1478
1784277077534 0.25647851824760437 1479
1784277077546 0.11616349220275879 1480
1784277077561 0.16563136875629425 1481
1784277077574 0.26140129566192627 1482
1784277077587 0.1250796765089035 1483
1784277077605 0.1901552826166153 1484
1784277077619 0.30872073769569397 1485
1784277077633 0.20113196969032288 1486
1784277077646 0.3752363324165344 1487
1784277077659 0.22567571699619293 1488
1784277077672 0.1495041698217392 1489
1784277077687 0.29272183775901794 1490
1784277077701 0.22963789105415344 1491
1784277077712 0.037523433566093445 1492
1784277077726 0.02972441539168358 1493
1784277077739 0.18225839734077454 1494
1784277077752 0.2830647826194763 1495
1784277077764 0.05068136006593704 1496
1784277077778 0.5133732557296753 1497
1784277077791 0.20495568215847015 1498
1784277077805 0.10595695674419403 1499
1784277077819 0.17026188969612122 1500
1784277077831 0.24756041169166565 1501
1784277077845 0.21570001542568207 1502
1784277077859 0.12025438249111176 1503
1784277077872 0.132918581366539 1504
1784277077886 0.327936053276062 1505
1784277077896 0.39238300919532776 1506
1784277077908 0.031248753890395164 1507
1784277077921 0.06050058826804161 1508
1784277077935 0.37526994943618774 1509
1784277077950 0.09163805842399597 1510
1784277077962 0.08790015429258347 1511
1784277077976 0.12814119458198547 1512
1784277077989 0.139572873711586 1513
1784277078003 0.05409133806824684 1514
1784277078017 0.19295194745063782 1515
1784277078030 0.15685059130191803 1516
1784277078043 0.09975495934486389 1517
1784277078056 0.10452958941459656 1518
1784277078071 0.3072933554649353 1519
1784277078084 0.3407624065876007 1520
1784277078097 0.04528268054127693 1521
1784277078112 0.04385611042380333 1522
1784277078124 0.11989355832338333 1523
1784277078137 0.13457870483398438 1524
1784277078149 0.2845430374145508 1525
1784277078160 0.4901657998561859 1526
1784277078173 0.07577516883611679 1527
1784277078184 0.1015111654996872 1528
1784277078196 0.373863160610199 1529
1784277078207 0.09956277906894684 1530
1784277078219 0.1309286653995514 1531
1784277078234 0.2607741355895996 1532
1784277078245 0.2631291151046753 1533
1784277078258 0.1282123476266861 1534
1784277078272 0.13667532801628113 1535
1784277078286 0.34914809465408325 1536
1784277078298 0.10902974754571915 1537
1784277078311 0.11619754135608673 1538
1784277078327 0.09876282513141632 1539
1784277078341 0.13241524994373322 1540
1784277078355 0.2383134663105011 1541
1784277078369 0.2150811403989792 1542
1784277078382 0.23507913947105408 1543
1784277078393 0.16246137022972107 1544
1784277078405 0.05596230551600456 1545
1784277078418 0.2831443250179291 1546
1784277078430 0.4645789861679077 1547
1784277078443 0.20464028418064117 1548
1784277078456 0.16210317611694336 1549
1784277078466 0.40252238512039185 1550
1784277078477 0.14584317803382874 1551
1784277078489 0.14478036761283875 1552
1784277078500 0.06315841525793076 1553
1784277078514 0.07795697450637817 1554
1784277078528 0.3453764021396637 1555
1784277078542 0.24079351127147675 1556
1784277078556 0.1564156413078308 1557
1784277078568 0.14316493272781372 1558
1784277078582 0.17004486918449402 1559
1784277078596 0.13488629460334778 1560
1784277078609 0.07825534045696259 1561
1784277078621 0.21137931942939758 1562
1784277078633 0.11858061701059341 1563
1784277078647 0.1283150166273117 1564
1784277078659 0.37212833762168884 1565
1784277078671 0.06066595017910004 1566
1784277078684 0.09925410151481628 1567
1784277078697 0.14156052470207214 1568
1784277078711 0.17874020338058472 1569
1784277078724 0.16062608361244202 1570
1784277078737 0.03711232542991638 1571
1784277078751 0.4016777276992798 1572
1784277078764 0.09176468849182129 1573
1784277078777 0.10377860814332962 1574
1784277078791 0.5554917454719543 1575
1784277078805 0.18095551431179047 1576
1784277078820 0.12496104091405869 1577
1784277078834 0.13769885897636414 1578
1784277078846 0.09823659062385559 1579
1784277078861 0.08621580898761749 1580
1784277078878 0.24148577451705933 1581
1784277078895 0.15673190355300903 1582
1784277078911 0.18347325921058655 1583
1784277078924 0.23947100341320038 1584
1784277078939 0.03928174823522568 1585
1784277078954 0.16437529027462006 1586
1784277078968 0.3478372395038605 1587
1784277078983 0.1529017686843872 1588
1784277078997 0.33274170756340027 1589
1784277079010 0.26218900084495544 1590
1784277079023 0.12390383332967758 1591
1784277079038 0.1273205429315567 1592
1784277079052 0.18040987849235535 1593
1784277079067 0.3147709369659424 1594
1784277079079 0.29395151138305664 1595
1784277079093 0.20962096750736237 1596
1784277079109 0.03167470172047615 1597
1784277079124 0.27199918031692505 1598
1784277079138 0.11796080321073532 1599
1784277079154 0.2885396480560303 1600
1784277079173 0.05179829150438309 1601
1784277079189 0.07072954624891281 1602
1784277079205 0.1983153522014618 1603
1784277079222 0.21470265090465546 1604
1784277079239 0.17471365630626678 1605
1784277079255 0.08373934775590897 1606
1784277079272 0.047428473830223083 1607
1784277079287 0.11041832715272903 1608
1784277079302 0.06301499158143997 1609
1784277079317 0.11735544353723526 1610
1784277079328 0.12567995488643646 1611
1784277079342 0.04633970931172371 1612
1784277079355 0.2021724134683609 1613
1784277079370 0.09350604563951492 1614
1784277079381 0.12468674778938293 1615
1784277079393 0.42448264360427856 1616
1784277079407 0.11551658809185028 1617
1784277079421 0.8008719086647034 1618
1784277079435 0.13752472400665283 1619
1784277079447 0.1121440902352333 1620
1784277079460 0.3058679699897766 1621
1784277079473 0.16037660837173462 1622
1784277079487 0.235350102186203 1623
1784277079502 0.2274184376001358 1624
1784277079515 0.06181652843952179 1625
1784277079528 0.07762870192527771 1626
1784277079542 0.21177099645137787 1627
1784277079555 0.23674292862415314 1628
1784277079568 0.19697488844394684 1629
1784277079581 0.153445765376091 1630
1784277079594 0.36743006110191345 1631
1784277079610 0.21721217036247253 1632
1784277079622 0.1300295889377594 1633
1784277079636 0.17359182238578796 1634
1784277079649 0.4219484329223633 1635
1784277079663 0.33358460664749146 1636
1784277079676 0.24511754512786865 1637
1784277079688 0.1162509173154831 1638
1784277079702 0.2603309750556946 1639
1784277079715 0.890414834022522 1640
1784277079729 0.090969018638134 1641
1784277079744 0.05445801466703415 1642
1784277079757 0.11220695823431015 1643
1784277079770 0.15583978593349457 1644
1784277079782 0.08848543465137482 1645
1784277079794 0.23258596658706665 1646
1784277079806 0.18195278942584991 1647
1784277079820 0.22022317349910736 1648
1784277079836 0.06498292833566666 1649
1784277079849 0.2167932540178299 1650
1784277079862 0.02790803089737892 1651
1784277079875 0.11759066581726074 1652
1784277079888 0.21724265813827515 1653
1784277079903 0.22002756595611572 1654
1784277079916 0.08231589943170547 1655
1784277079928 0.06818535923957825 1656
1784277079939 0.3839561641216278 1657
1784277079950 0.12273341417312622 1658
1784277079963 0.3040742874145508 1659
1784277079974 0.42733484506607056 1660
1784277079986 0.24178428947925568 1661
1784277079998 0.4264547824859619 1662
1784277080010 0.1909567415714264 1663
1784277080024 0.18566125631332397 1664
1784277080038 0.25018879771232605 1665
1784277080051 0.06368822604417801 1666
1784277080064 0.1644502878189087 1667
1784277080078 0.270831823348999 1668
1784277080091 0.33469775319099426 1669
1784277080104 0.07878877222537994 1670
1784277080118 0.2732427716255188 1671
1784277080132 0.0736507773399353 1672
1784277080145 0.23051728308200836 1673
1784277080159 0.21553359925746918 1674
1784277080173 0.44933176040649414 1675
1784277080187 0.1372150182723999 1676
1784277080202 0.13931190967559814 1677
1784277080215 0.2215038537979126 1678
1784277080229 0.22558467090129852 1679
1784277080243 0.30933427810668945 1680
1784277080254 0.4184832274913788 1681
1784277080266 0.14703170955181122 1682
1784277080280 0.35839390754699707 1683
1784277080294 0.2996905744075775 1684
1784277080307 0.03857031837105751 1685
1784277080321 0.09824767708778381 1686
1784277080333 0.0758136734366417 1687
1784277080345 0.18574762344360352 1688
1784277080356 0.32804492115974426 1689
1784277080367 0.08996649831533432 1690
1784277080379 0.28500285744667053 1691
1784277080393 0.08103746920824051 1692
1784277080406 0.05236266553401947 1693
1784277080420 0.15467815101146698 1694
1784277080438 0.07671274244785309 1695
1784277080451 0.08916854113340378 1696
1784277080464 0.2833007872104645 1697
1784277080476 0.09189017862081528 1698
1784277080490 0.4121720790863037 1699
1784277080504 0.08407720178365707 1700
1784277080518 0.3378722071647644 1701
1784277080531 0.37363922595977783 1702
1784277080545 0.11413012444972992 1703
1784277080556 0.07736393064260483 1704
1784277080568 0.11455605924129486 1705
1784277080578 0.1426355242729187 1706
1784277080590 0.28781381249427795 1707
1784277080605 0.09304105490446091 1708
1784277080618 0.052918411791324615 1709
1784277080632 0.04894080385565758 1710
1784277080644 0.26748034358024597 1711
1784277080656 0.3162904381752014 1712
1784277080670 0.1547914743423462 1713
1784277080684 0.22196424007415771 1714
1784277080697 0.04368375241756439 1715
1784277080711 0.04459616541862488 1716
1784277080726 0.3224794566631317 1717
1784277080738 0.10638473182916641 1718
1784277080751 0.08029668033123016 1719
1784277080763 0.4234713613986969 1720
1784277080777 0.29900041222572327 1721
1784277080791 0.09908337146043777 1722
1784277080806 0.22697731852531433 1723
1784277080818 0.10850754380226135 1724
1784277080831 0.5620733499526978 1725
1784277080845 0.19874007999897003 1726
1784277080857 0.17751872539520264 1727
1784277080869 0.3583948016166687 1728
1784277080880 0.18519313633441925 1729
1784277080895 0.21376630663871765 1730
1784277080908 0.16813047230243683 1731
1784277080921 0.17079630494117737 1732
1784277080934 0.10969316214323044 1733
1784277080947 0.38176223635673523 1734
1784277080960 0.22044247388839722 1735
1784277080972 0.26598864793777466 1736
1784277080985 0.04356813430786133 1737
1784277080997 0.3139078617095947 1738
1784277081009 0.18613672256469727 1739
1784277081021 0.1237332820892334 1740
1784277081036 0.14274971187114716 1741
1784277081050 0.6497460603713989 1742
1784277081063 0.20839321613311768 1743
1784277081076 0.14279845356941223 1744
1784277081089 0.06903766840696335 1745
1784277081102 0.18376757204532623 1746
1784277081114 0.0903819128870964 1747
1784277081128 0.3278366029262543 1748
1784277081143 0.6179271340370178 1749
1784277081158 0.2964893579483032 1750
1784277081173 0.22840112447738647 1751
1784277081187 0.3113262951374054 1752
1784277081202 0.1481790691614151 1753
1784277081217 0.1961347460746765 1754
1784277081235 0.31645917892456055 1755
1784277081251 0.3100844621658325 1756
1784277081270 0.13381917774677277 1757
1784277081286 0.4071316123008728 1758
1784277081305 0.08930176496505737 1759
1784277081322 0.055128782987594604 1760
1784277081340 0.16821902990341187 1761
1784277081357 0.2642509639263153 1762
1784277081377 0.2947005331516266 1763
1784277081395 0.28933626413345337 1764
1784277081417 0.20015372335910797 1765
1784277081434 0.16120576858520508 1766
1784277081451 0.22166095674037933 1767
1784277081471 0.29481905698776245 1768
1784277081486 0.09507417678833008 1769
1784277081500 0.32358118891716003 1770
1784277081513 0.19146332144737244 1771
1784277081527 0.3441024720668793 1772
1784277081541 0.13627634942531586 1773
1784277081554 0.19977381825447083 1774
1784277081567 0.2158263772726059 1775
1784277081580 0.2416483461856842 1776
1784277081601 0.3590864837169647 1777
1784277081617 0.07355961948633194 1778
1784277081632 0.4157947599887848 1779
1784277081645 0.14979951083660126 1780
1784277081662 0.14541557431221008 1781
1784277081677 0.19746609032154083 1782
1784277081690 0.3967827558517456 1783
1784277081703 0.2502579391002655 1784
1784277081717 0.2632673978805542 1785
1784277081729 0.04978484660387039 1786
1784277081743 0.42753690481185913 1787
1784277081755 0.28957241773605347 1788
1784277081769 0.1261782944202423 1789
1784277081781 0.17322805523872375 1790
1784277081795 0.14642855525016785 1791
1784277081810 0.0973307341337204 1792
1784277081823 0.19727125763893127 1793
1784277081837 0.3591817319393158 1794
1784277081849 0.10061309486627579 1795
1784277081863 0.3722212314605713 1796
1784277081876 0.3233415484428406 1797
1784277081893 0.08289483189582825 1798
1784277081906 0.8116626739501953 1799
1784277081920 0.046549078077077866 1800
1784277081934 0.4551835060119629 1801
1784277081949 0.27120423316955566 1802
1784277081962 0.14228172600269318 1803
1784277081977 0.052619803696870804 1804
1784277081991 0.15676188468933105 1805
1784277082004 0.22122053802013397 1806
1784277082019 0.06849081069231033 1807
1784277082033 0.11346422135829926 1808
1784277082045 0.1459813117980957 1809
1784277082058 0.10455817729234695 1810
1784277082072 0.2863929867744446 1811
1784277082087 0.14543825387954712 1812
1784277082102 0.04630022123456001 1813
1784277082118 0.1486728936433792 1814
1784277082132 0.34021317958831787 1815
1784277082146 0.06531889736652374 1816
1784277082162 0.4932801425457001 1817
1784277082179 0.3083232045173645 1818
1784277082196 0.17429189383983612 1819
1784277082213 0.14789247512817383 1820
1784277082229 0.249689519405365 1821
1784277082245 0.3018207252025604 1822
1784277082266 0.06653797626495361 1823
1784277082286 0.28491660952568054 1824
1784277082307 0.32314881682395935 1825
1784277082325 0.2387595772743225 1826
1784277082344 0.32550182938575745 1827
1784277082358 0.20498231053352356 1828
1784277082375 0.07698020339012146 1829
1784277082397 0.24448546767234802 1830
1784277082413 0.05097578093409538 1831
1784277082431 0.16064409911632538 1832
1784277082451 0.33625465631484985 1833
1784277082469 0.024935008957982063 1834
1784277082487 0.1693340241909027 1835
1784277082503 0.21345221996307373 1836
1784277082520 0.1872752606868744 1837
1784277082535 0.16521324217319489 1838
1784277082550 0.03695158660411835 1839
1784277082563 0.0862598717212677 1840
1784277082579 0.2751634418964386 1841
1784277082597 0.09963001310825348 1842
1784277082612 0.2107475996017456 1843
1784277082625 0.22592152655124664 1844
1784277082641 0.3357917368412018 1845
1784277082655 0.15822070837020874 1846
1784277082673 0.09614670276641846 1847
1784277082758 0.7118833661079407 1848
1784277082785 0.3429275453090668 1849
1784277082806 0.11614466458559036 1850
1784277082840 0.14062003791332245 1851
1784277082864 0.31696194410324097 1852
1784277082880 0.08274824917316437 1853
1784277082900 0.3342039883136749 1854
1784277082918 0.16439832746982574 1855
1784277082936 0.5925138592720032 1856
1784277082953 0.15688453614711761 1857
1784277082973 0.06908540427684784 1858
1784277082990 0.07719902694225311 1859
1784277083008 0.19850996136665344 1860
1784277083028 0.22348737716674805 1861
1784277083045 0.10872916132211685 1862
1784277083058 0.1420859396457672 1863
1784277083072 0.20947052538394928 1864
1784277083086 0.10825703293085098 1865
1784277083100 0.40546897053718567 1866
1784277083116 0.18516848981380463 1867
1784277083129 0.198391392827034 1868
1784277083146 0.4367934465408325 1869
1784277083161 0.023333968594670296 1870
1784277083177 0.19186583161354065 1871
1784277083195 0.09901173412799835 1872
1784277083210 0.24024510383605957 1873
1784277083226 0.09576185792684555 1874
