1784241007628 0.904516666666516 0
1784241049858 0.9556833333331741 1
1784241089900 0.9648999999998392 2
1784241127973 0.9711333333331715 3
1784241165377 0.9747999999998376 4
1784241203021 0.9770666666665039 5
1784241241158 0.9785999999998369 6
1784241278767 0.9811499999998365 7
1784241313824 0.9819499999998363 8
1784241348670 0.9830666666665029 9
1784241389206 0.983899999999836 10
1784241427139 0.9848166666665026 11
1784241466240 0.9866166666665023 12
1784241502361 0.9872499999998355 13
1784241538819 0.9874166666665022 14
1784241579404 0.9877833333331687 15
1784241615355 0.9889333333331686 16
1784241654702 0.9889833333331686 17
1784241692189 0.988516666666502 18
1784241733791 0.9903166666665016 19
1784241771908 0.9901333333331683 20
1784241806202 0.9896333333331684 21
1784241841594 0.9904333333331683 22
1784241878985 0.9912166666665015 23
1784241917076 0.998183333333167 24
1784241959710 0.9990499999998336 25
1784241998390 0.9992833333331669 26
1784242033114 0.9994166666665002 27
1784242071137 0.9995999999998334 28
1784242110988 0.9996333333331667 29
1784242149467 0.9996999999998334 30
1784242187753 0.9997499999998334 31
1784242226460 0.9998499999998334 32
1784242264686 0.9997999999998334 33
1784242304833 0.9998666666665 34
1784242344987 0.9998666666665 35
1784242385555 0.9999166666665 36
1784242433765 0.9999333333331667 37
1784242476833 0.9999833333331667 38
1784242522523 0.9999166666665 39
1784242557293 0.9999333333331667 40
1784242591720 0.9999999999998334 41
1784242626072 0.9999999999998334 42
1784242660609 0.9999999999998334 43
1784242696724 0.9999999999998334 44
1784242731911 0.9999999999998334 45
1784242766966 0.9999999999998334 46
1784242801658 0.9999999999998334 47
1784242836899 0.9999999999998334 48
1784242873885 0.9999999999998334 49
1784242907544 0.9999999999998334 50
1784242940563 0.9999999999998334 51
1784242975073 0.9999999999998334 52
1784243018512 0.9999999999998334 53
1784243061733 0.9999999999998334 54
1784243093708 0.9999999999998334 55
1784243123961 0.9999999999998334 56
1784243156711 0.9999999999998334 57
1784243188709 0.9999999999998334 58
1784243220542 0.9999999999998334 59
1784243252617 0.9999999999998334 60
1784243286307 0.9999999999998334 61
1784243319374 0.9999999999998334 62
1784243351095 0.9999999999998334 63
1784243382440 0.9999999999998334 64
1784243413930 0.9999999999998334 65
1784243445335 0.9999999999998334 66
1784243482811 0.9999999999998334 67
1784243513893 0.9999999999998334 68
1784243546894 0.9999999999998334 69
1784243577547 0.9999999999998334 70
