1784275258065 2.311413288116455 0
1784275258080 2.2769508361816406 1
1784275258092 2.2760462760925293 2
1784275258106 2.1827392578125 3
1784275258120 2.178478479385376 4
1784275258131 2.1263604164123535 5
1784275258146 2.1004528999328613 6
1784275258158 1.9759533405303955 7
1784275258170 2.1255717277526855 8
1784275258183 1.9998953342437744 9
1784275258197 1.9112142324447632 10
1784275258211 1.6861953735351562 11
1784275258226 1.7491973638534546 12
1784275258242 1.7043887376785278 13
1784275258256 1.637566328048706 14
1784275258269 1.7576740980148315 15
1784275258282 1.462912917137146 16
1784275258296 1.5637927055358887 17
1784275258310 1.266915202140808 18
1784275258325 1.4559717178344727 19
1784275258338 1.3993409872055054 20
1784275258353 1.1439330577850342 21
1784275258367 1.4043670892715454 22
1784275258382 1.3709750175476074 23
1784275258398 1.1764938831329346 24
1784275258416 1.2762137651443481 25
1784275258431 1.1362749338150024 26
1784275258446 1.385951280593872 27
1784275258463 0.9684938192367554 28
1784275258478 1.005368709564209 29
1784275258493 1.0882240533828735 30
1784275258507 1.1042208671569824 31
1784275258522 1.103116512298584 32
1784275258535 0.791776180267334 33
1784275258549 1.0275921821594238 34
1784275258561 1.0320194959640503 35
1784275258573 0.7712865471839905 36
1784275258588 0.7059521675109863 37
1784275258603 0.9467118382453918 38
1784275258619 0.8699691891670227 39
1784275258633 0.7911884188652039 40
1784275258647 0.7798245549201965 41
1784275258659 0.899989902973175 42
1784275258671 0.8222398161888123 43
1784275258685 0.8131147027015686 44
1784275258699 0.8204149603843689 45
1784275258712 1.0460922718048096 46
1784275258728 0.7284616231918335 47
1784275258740 0.8521011471748352 48
1784275258756 0.5600082874298096 49
1784275258770 0.6082069277763367 50
1784275258786 0.8360020518302917 51
1784275258801 0.7570204138755798 52
1784275258816 0.5866613388061523 53
1784275258831 0.647524356842041 54
1784275258846 0.6480432748794556 55
1784275258859 0.4851253926753998 56
1784275258874 0.5090899467468262 57
1784275258889 0.7914174795150757 58
1784275258903 0.4566834568977356 59
1784275258917 0.678443193435669 60
1784275258931 0.7869521379470825 61
1784275258943 0.7796727418899536 62
1784275258959 0.6194226741790771 63
1784275258971 0.7323104739189148 64
1784275258986 0.6963764429092407 65
1784275259002 0.9892757534980774 66
1784275259017 0.6469529867172241 67
1784275259030 0.45047274231910706 68
1784275259043 0.45599469542503357 69
1784275259054 0.6499006152153015 70
1784275259067 0.6199542284011841 71
1784275259082 0.43402567505836487 72
1784275259097 0.5555791258811951 73
1784275259110 0.680749773979187 74
1784275259123 0.47539713978767395 75
1784275259136 0.3554089665412903 76
1784275259152 0.7556703090667725 77
1784275259164 0.27551713585853577 78
1784275259176 0.44487035274505615 79
1784275259187 0.350657194852829 80
1784275259200 0.6498323082923889 81
1784275259214 0.5791749358177185 82
1784275259228 0.3816222846508026 83
1784275259239 0.30541306734085083 84
1784275259251 0.4612715542316437 85
1784275259264 0.44781294465065 86
1784275259278 0.5125732421875 87
1784275259290 0.40030401945114136 88
1784275259305 0.7280178666114807 89
1784275259318 0.6748904585838318 90
1784275259332 0.9180216193199158 91
1784275259344 0.4270554184913635 92
1784275259355 0.4891100525856018 93
1784275259370 0.6115610599517822 94
1784275259384 0.88550865650177 95
1784275259398 0.4788611829280853 96
1784275259414 0.48134684562683105 97
1784275259428 0.32373595237731934 98
1784275259441 0.506888747215271 99
1784275259454 0.4758177697658539 100
1784275259468 0.5697152614593506 101
1784275259482 0.49971669912338257 102
1784275259496 0.2536620497703552 103
1784275259509 0.41247454285621643 104
1784275259521 0.520881175994873 105
1784275259534 0.9066546559333801 106
1784275259547 0.3586503267288208 107
1784275259560 0.4307400584220886 108
1784275259572 0.27467435598373413 109
1784275259586 0.49213138222694397 110
1784275259601 0.44454115629196167 111
1784275259613 0.43066635727882385 112
1784275259627 0.6232947707176208 113
1784275259642 0.47876206040382385 114
1784275259654 0.4388454854488373 115
1784275259668 0.3552681803703308 116
1784275259681 0.5372453331947327 117
1784275259694 0.5771641731262207 118
1784275259706 0.7115432024002075 119
1784275259718 0.7491804361343384 120
1784275259730 0.49397027492523193 121
1784275259744 0.4556378722190857 122
1784275259756 0.5459295511245728 123
1784275259772 0.3787815570831299 124
1784275259786 0.6092357635498047 125
1784275259800 0.3910444378852844 126
1784275259814 0.471978098154068 127
1784275259826 0.4927206039428711 128
1784275259839 0.3306434154510498 129
1784275259854 0.3906589448451996 130
1784275259868 0.7078810930252075 131
1784275259881 0.2621488571166992 132
1784275259894 0.8127840161323547 133
1784275259907 0.3827967047691345 134
1784275259921 0.33426856994628906 135
1784275259934 0.44907715916633606 136
1784275259947 0.600512683391571 137
1784275259960 0.25543466210365295 138
1784275259975 0.5651729106903076 139
1784275259990 0.2334725707769394 140
1784275260003 0.7018826603889465 141
1784275260018 0.4154377281665802 142
1784275260036 0.5443048477172852 143
1784275260050 0.5387160181999207 144
1784275260064 0.3182741105556488 145
1784275260078 0.2905914783477783 146
1784275260093 0.49966874718666077 147
1784275260107 0.296670138835907 148
1784275260123 0.3979407548904419 149
1784275260137 0.33537396788597107 150
1784275260153 0.296038955450058 151
1784275260168 0.4933583736419678 152
1784275260182 0.29338929057121277 153
1784275260197 0.6351080536842346 154
1784275260211 1.067644715309143 155
1784275260225 0.2345455288887024 156
1784275260240 0.5383515954017639 157
1784275260254 0.30350640416145325 158
1784275260268 0.3467349708080292 159
1784275260286 0.5884787440299988 160
1784275260300 0.4450075328350067 161
1784275260315 0.4048895537853241 162
1784275260329 0.6214539408683777 163
1784275260343 0.5840623378753662 164
1784275260357 0.5197165608406067 165
1784275260371 0.3135793209075928 166
1784275260384 0.4377633035182953 167
1784275260398 0.6932158470153809 168
1784275260413 0.6147840023040771 169
1784275260426 0.19269774854183197 170
1784275260440 0.7409785389900208 171
1784275260453 0.4457809329032898 172
1784275260466 0.2953258454799652 173
1784275260480 0.6291844248771667 174
1784275260496 0.39056554436683655 175
1784275260510 0.34338346123695374 176
1784275260525 0.7530818581581116 177
1784275260540 0.20314471423625946 178
1784275260556 0.6452711820602417 179
1784275260571 0.4179842472076416 180
1784275260584 0.43373921513557434 181
1784275260597 0.4218720495700836 182
1784275260616 0.45899608731269836 183
1784275260633 0.5736814737319946 184
1784275260651 0.266745388507843 185
1784275260667 0.3704950213432312 186
1784275260681 0.4116765558719635 187
1784275260698 0.3174169659614563 188
1784275260715 0.48907044529914856 189
1784275260733 0.6780217885971069 190
1784275260749 0.4420815110206604 191
1784275260766 0.32722899317741394 192
1784275260783 0.3335145115852356 193
1784275260799 0.4738069176673889 194
1784275260816 0.2652431130409241 195
1784275260832 0.25073426961898804 196
1784275260850 0.4913986027240753 197
1784275260866 0.1677023321390152 198
1784275260882 0.16068151593208313 199
1784275260899 0.547654926776886 200
1784275260915 0.30111461877822876 201
1784275260932 0.696451723575592 202
1784275260947 0.5627235770225525 203
1784275260962 0.6490058898925781 204
1784275260979 0.6032721400260925 205
1784275260994 0.12397696822881699 206
1784275261013 0.4145370423793793 207
1784275261029 0.3625532388687134 208
1784275261043 0.6503952741622925 209
1784275261056 0.15657080709934235 210
1784275261074 0.5515430569648743 211
1784275261089 0.34257790446281433 212
1784275261105 0.4314654469490051 213
1784275261121 0.297574907541275 214
1784275261135 0.40367066860198975 215
1784275261150 0.4460716247558594 216
1784275261164 0.13799120485782623 217
1784275261179 0.5898023247718811 218
1784275261194 0.472761869430542 219
1784275261207 0.633161187171936 220
1784275261222 0.4103940725326538 221
1784275261236 0.3520412743091583 222
1784275261250 0.34875407814979553 223
1784275261263 0.8626989722251892 224
1784275261277 0.4434059262275696 225
1784275261290 0.5344262719154358 226
1784275261304 0.6313885450363159 227
1784275261319 0.2531430423259735 228
1784275261333 0.47479063272476196 229
1784275261347 0.3658207654953003 230
1784275261362 0.2902587950229645 231
1784275261376 0.4638859033584595 232
1784275261391 0.5025400519371033 233
1784275261407 0.21686221659183502 234
1784275261422 0.25943681597709656 235
1784275261436 0.22789572179317474 236
1784275261450 0.2810311019420624 237
1784275261463 0.6494895815849304 238
1784275261477 0.23670755326747894 239
1784275261490 0.1478182077407837 240
1784275261504 0.3564763367176056 241
1784275261518 0.3369280695915222 242
1784275261532 0.5151272416114807 243
1784275261547 0.3138628900051117 244
1784275261560 0.206915482878685 245
1784275261573 0.40121087431907654 246
1784275261587 0.2828202247619629 247
1784275261603 0.45632708072662354 248
1784275261618 0.17610515654087067 249
1784275261632 0.47775691747665405 250
1784275261649 0.20350636541843414 251
1784275261664 0.6231996417045593 252
1784275261678 0.5459511280059814 253
1784275261692 0.25415724515914917 254
1784275261706 0.40318989753723145 255
1784275261722 0.656055212020874 256
1784275261736 0.4722200334072113 257
1784275261752 0.45432984828948975 258
1784275261767 0.40867626667022705 259
1784275261782 0.22671999037265778 260
1784275261797 0.3292995095252991 261
1784275261813 0.22659242153167725 262
1784275261826 0.6398559808731079 263
1784275261842 0.4479072391986847 264
1784275261858 0.2949473261833191 265
1784275261870 0.25514504313468933 266
1784275261888 0.384368896484375 267
1784275261902 0.35829824209213257 268
1784275261917 0.4819048345088959 269
1784275261933 0.8239895701408386 270
1784275261947 0.154617577791214 271
1784275261962 0.20990024507045746 272
1784275261976 0.5945465564727783 273
1784275261990 0.31495049595832825 274
1784275262006 0.17679844796657562 275
1784275262022 0.24374140799045563 276
1784275262036 0.5481511950492859 277
1784275262050 0.2755819261074066 278
1784275262063 0.5021884441375732 279
1784275262078 0.4342955946922302 280
1784275262092 0.3095916211605072 281
1784275262105 0.3363158702850342 282
1784275262119 0.4933430850505829 283
1784275262134 0.22904914617538452 284
1784275262148 0.518395185470581 285
1784275262162 0.3323150873184204 286
1784275262176 0.6743682026863098 287
1784275262189 0.4466184079647064 288
1784275262204 0.44766145944595337 289
1784275262217 0.21916627883911133 290
1784275262231 0.21582190692424774 291
1784275262245 0.39233967661857605 292
1784275262260 0.3991672694683075 293
1784275262273 0.34247472882270813 294
1784275262287 0.3316321074962616 295
1784275262304 0.6407522559165955 296
1784275262319 0.5009881854057312 297
1784275262332 0.24462199211120605 298
1784275262346 0.170190691947937 299
1784275262359 0.45853304862976074 300
1784275262373 0.2288830280303955 301
1784275262386 0.20866313576698303 302
1784275262400 0.3394519090652466 303
1784275262413 0.26150572299957275 304
1784275262427 0.16420622169971466 305
1784275262442 0.40483561158180237 306
1784275262455 0.39095404744148254 307
1784275262470 0.2016168236732483 308
1784275262485 0.2842400074005127 309
1784275262499 0.12762343883514404 310
1784275262513 0.405750036239624 311
1784275262587 0.319375604391098 312
1784275262609 0.4216598570346832 313
1784275262624 0.4013087749481201 314
1784275262639 0.3874386250972748 315
1784275262655 0.5383354425430298 316
1784275262669 0.4889579713344574 317
1784275262684 0.12928341329097748 318
1784275262698 0.29948726296424866 319
1784275262712 0.3134514093399048 320
1784275262726 0.3530477285385132 321
1784275262738 0.5883453488349915 322
1784275262754 0.16634075343608856 323
1784275262768 0.14221908152103424 324
1784275262782 0.31001904606819153 325
1784275262796 0.355386346578598 326
1784275262810 0.3274921178817749 327
1784275262823 0.4290819764137268 328
1784275262842 0.4727514684200287 329
1784275262859 0.31890153884887695 330
1784275262873 0.20909999310970306 331
1784275262890 0.2518004775047302 332
1784275262904 0.5148133039474487 333
1784275262919 0.3122802972793579 334
1784275262934 0.4537496566772461 335
1784275262949 0.19201475381851196 336
1784275262961 0.24952898919582367 337
1784275262975 0.5086641311645508 338
1784275262989 0.43081578612327576 339
1784275263003 0.37479308247566223 340
1784275263017 0.4144788980484009 341
1784275263031 0.35830798745155334 342
1784275263047 0.42329293489456177 343
1784275263061 0.23553074896335602 344
1784275263074 0.27336016297340393 345
1784275263086 0.3353208303451538 346
1784275263100 0.2543800473213196 347
1784275263114 0.7489904761314392 348
1784275263128 0.3036453425884247 349
1784275263141 0.174062117934227 350
1784275263156 0.5536239147186279 351
1784275263171 0.09711797535419464 352
1784275263187 0.23006214201450348 353
1784275263200 0.39700818061828613 354
1784275263215 0.46593403816223145 355
1784275263229 0.39049240946769714 356
1784275263242 0.16236522793769836 357
1784275263256 0.1531142145395279 358
1784275263269 0.28658613562583923 359
1784275263284 0.4006228744983673 360
1784275263300 0.3002261221408844 361
1784275263317 0.3235868215560913 362
1784275263336 0.21250107884407043 363
1784275263352 0.44552209973335266 364
1784275263371 0.1847526580095291 365
1784275263388 0.6383302211761475 366
1784275263404 0.21575666964054108 367
1784275263421 0.25242888927459717 368
1784275263438 0.11107313632965088 369
1784275263454 0.25877702236175537 370
1784275263470 0.256723552942276 371
1784275263487 0.238840252161026 372
1784275263503 0.1958496868610382 373
1784275263519 0.3948979377746582 374
1784275263535 0.3223150074481964 375
1784275263550 0.37406477332115173 376
1784275263565 0.5554836988449097 377
1784275263582 0.40948009490966797 378
1784275263599 0.19689986109733582 379
1784275263615 0.5270168781280518 380
1784275263632 0.5693251490592957 381
1784275263648 0.44218090176582336 382
1784275263668 0.2768239676952362 383
1784275263688 0.2583428621292114 384
1784275263706 0.41854327917099 385
1784275263721 0.5463745594024658 386
1784275263738 0.3016658425331116 387
1784275263753 0.22167544066905975 388
1784275263769 0.5584704875946045 389
1784275263786 0.49883896112442017 390
1784275263801 0.4253830909729004 391
1784275263816 0.5026780962944031 392
1784275263830 0.39619573950767517 393
1784275263843 0.2686934471130371 394
1784275263856 0.09867968410253525 395
1784275263869 0.40650880336761475 396
1784275263882 0.22483159601688385 397
1784275263897 0.4397594928741455 398
1784275263910 0.2956523001194 399
1784275263924 0.42007631063461304 400
1784275263939 0.24435165524482727 401
1784275263951 0.17066042125225067 402
1784275263965 0.2846935987472534 403
1784275263979 0.5414080619812012 404
1784275263994 0.12345364689826965 405
1784275264009 0.1351306289434433 406
1784275264020 0.26674458384513855 407
1784275264033 0.4418240785598755 408
1784275264047 0.18938496708869934 409
1784275264061 0.24901843070983887 410
1784275264075 0.24823524057865143 411
1784275264087 0.39507928490638733 412
1784275264102 0.5662610530853271 413
1784275264117 0.44281479716300964 414
1784275264131 0.565532386302948 415
1784275264144 0.35308828949928284 416
1784275264158 0.5612048506736755 417
1784275264173 0.5518783926963806 418
1784275264188 0.28700709342956543 419
1784275264204 0.7634738683700562 420
1784275264219 0.7207951545715332 421
1784275264234 0.2401352971792221 422
1784275264249 0.3534644842147827 423
1784275264263 0.3997505009174347 424
1784275264280 0.34665656089782715 425
1784275264295 0.24757198989391327 426
1784275264310 0.19178350269794464 427
1784275264331 0.1891431212425232 428
1784275264343 0.24240471422672272 429
1784275264354 0.1760713905096054 430
1784275264368 0.1792920082807541 431
1784275264382 0.19247543811798096 432
1784275264397 0.21804015338420868 433
1784275264411 0.4030553698539734 434
1784275264425 0.4642954170703888 435
1784275264438 0.13254201412200928 436
1784275264453 0.4469303488731384 437
1784275264468 0.4904126524925232 438
1784275264482 0.35392144322395325 439
1784275264496 0.2736988067626953 440
1784275264511 0.6672674417495728 441
1784275264525 0.4721219837665558 442
1784275264540 0.3833390176296234 443
1784275264553 0.26059138774871826 444
1784275264567 0.1220654547214508 445
1784275264580 0.5403586626052856 446
1784275264594 0.20046448707580566 447
1784275264606 0.2917737662792206 448
1784275264621 0.4047449827194214 449
1784275264636 0.35673168301582336 450
1784275264649 0.2314932495355606 451
1784275264663 0.39325958490371704 452
1784275264676 0.2032037228345871 453
1784275264689 0.5886344909667969 454
1784275264704 0.1318638175725937 455
1784275264719 0.5897638201713562 456
1784275264734 0.07455725222826004 457
1784275264748 0.1887921541929245 458
1784275264762 0.4728134572505951 459
1784275264776 0.6557602882385254 460
1784275264790 0.20146679878234863 461
1784275264804 0.37525150179862976 462
1784275264819 0.25423887372016907 463
1784275264833 0.14124874770641327 464
1784275264849 0.37163740396499634 465
1784275264863 0.12418100237846375 466
1784275264877 0.5088127255439758 467
1784275264890 0.3405216932296753 468
1784275264905 0.35599371790885925 469
1784275264919 0.35302209854125977 470
1784275264932 0.2843698561191559 471
1784275264949 0.8151221871376038 472
1784275264963 0.16679327189922333 473
1784275264976 0.1543934941291809 474
1784275264988 0.41285139322280884 475
1784275265002 0.2537105083465576 476
1784275265017 0.3138400912284851 477
1784275265031 0.4961492121219635 478
1784275265047 0.33759981393814087 479
1784275265063 0.2666164040565491 480
1784275265081 0.06722446531057358 481
1784275265096 0.4076937437057495 482
1784275265114 0.1388128399848938 483
1784275265131 0.08330918848514557 484
1784275265147 0.21729114651679993 485
1784275265162 0.3949095606803894 486
1784275265176 0.12673433125019073 487
1784275265189 0.28722435235977173 488
1784275265203 0.1515624225139618 489
1784275265217 0.38213056325912476 490
1784275265232 0.251362144947052 491
1784275265246 0.25849786400794983 492
1784275265259 0.4733446538448334 493
1784275265273 0.5298919081687927 494
1784275265288 0.25078126788139343 495
1784275265301 0.27299657464027405 496
1784275265315 0.040988996624946594 497
1784275265330 0.34496742486953735 498
1784275265344 0.3979032039642334 499
1784275265357 0.12799634039402008 500
1784275265371 0.26805394887924194 501
1784275265384 0.16386935114860535 502
1784275265398 0.07690243422985077 503
1784275265413 0.2645895183086395 504
1784275265427 0.4028768241405487 505
1784275265442 0.2732103765010834 506
1784275265457 0.30991971492767334 507
1784275265471 0.22679613530635834 508
1784275265487 0.2612440288066864 509
1784275265500 0.24384190142154694 510
1784275265514 0.339677095413208 511
1784275265528 0.22616763412952423 512
1784275265545 0.3864555060863495 513
1784275265559 0.31826356053352356 514
1784275265573 0.5449380278587341 515
1784275265587 0.1980128288269043 516
1784275265601 0.19896791875362396 517
1784275265617 0.321873277425766 518
1784275265632 0.35042083263397217 519
1784275265647 0.2913787364959717 520
1784275265662 0.40452438592910767 521
1784275265677 0.2224571853876114 522
1784275265693 0.5925971865653992 523
1784275265707 0.4923555850982666 524
1784275265725 0.3594767451286316 525
1784275265742 0.2626349925994873 526
1784275265756 0.17334385216236115 527
1784275265772 0.13495153188705444 528
1784275265787 0.40118706226348877 529
1784275265803 0.31683436036109924 530
1784275265818 0.4917164444923401 531
1784275265835 0.5503376126289368 532
1784275265850 0.32585808634757996 533
1784275265866 0.16894814372062683 534
1784275265881 0.19757907092571259 535
1784275265896 0.4325789213180542 536
1784275265912 0.16559858620166779 537
1784275265927 0.377482533454895 538
1784275265942 0.4189288020133972 539
1784275265957 0.24062687158584595 540
1784275265971 0.2323266863822937 541
1784275265987 0.5865429639816284 542
1784275266004 0.16731618344783783 543
1784275266019 0.08325295895338058 544
1784275266035 0.4368600845336914 545
1784275266050 0.32360363006591797 546
1784275266063 0.5235645771026611 547
1784275266078 0.38734692335128784 548
1784275266093 0.3361336588859558 549
1784275266109 0.05775042623281479 550
1784275266122 0.22415341436862946 551
1784275266138 0.12510456144809723 552
1784275266153 0.4047817587852478 553
1784275266167 0.33888766169548035 554
1784275266182 0.31932497024536133 555
1784275266196 0.21983402967453003 556
1784275266210 0.18204852938652039 557
1784275266225 0.035928525030612946 558
1784275266237 0.38502979278564453 559
1784275266251 0.3748357594013214 560
1784275266267 0.15582819283008575 561
1784275266279 0.2581447958946228 562
1784275266292 0.4454587399959564 563
1784275266305 0.19244448840618134 564
1784275266319 0.2504000663757324 565
1784275266332 0.19132080674171448 566
1784275266347 0.23042626678943634 567
1784275266359 0.2983606457710266 568
1784275266374 0.1667068600654602 569
1784275266388 0.3150511085987091 570
1784275266404 0.2096833884716034 571
1784275266419 0.11494129151105881 572
1784275266432 0.08489557355642319 573
1784275266446 0.12189007550477982 574
1784275266459 0.20149868726730347 575
1784275266474 0.21785466372966766 576
1784275266486 0.34795942902565 577
1784275266501 0.09316159039735794 578
1784275266516 0.22317244112491608 579
1784275266530 0.12616726756095886 580
1784275266545 0.580767035484314 581
1784275266559 0.17539210617542267 582
1784275266572 0.1739690899848938 583
1784275266584 0.4180372357368469 584
1784275266598 0.15250088274478912 585
1784275266612 0.39933285117149353 586
1784275266627 0.07286486029624939 587
1784275266640 0.23747050762176514 588
1784275266655 0.6985305547714233 589
1784275266669 0.3301161229610443 590
1784275266683 0.5574635863304138 591
1784275266695 0.285075843334198 592
1784275266709 0.49706366658210754 593
1784275266725 0.16377437114715576 594
1784275266738 0.18144984543323517 595
1784275266751 0.29475051164627075 596
1784275266763 0.12762734293937683 597
1784275266777 0.4224160313606262 598
1784275266792 0.280254065990448 599
1784275266806 0.13611681759357452 600
1784275266822 0.4451484978199005 601
1784275266836 0.31548184156417847 602
1784275266856 0.12836988270282745 603
1784275266874 0.22967423498630524 604
1784275266889 0.34330394864082336 605
1784275266905 0.22448626160621643 606
1784275266919 0.1413445621728897 607
1784275266932 0.19472238421440125 608
1784275266947 0.24549908936023712 609
1784275266961 0.24128015339374542 610
1784275266975 0.2583168148994446 611
1784275266987 0.1874494105577469 612
1784275267000 0.40896567702293396 613
1784275267013 0.22359246015548706 614
1784275267025 0.25531211495399475 615
1784275267040 0.21212492883205414 616
1784275267054 0.13562846183776855 617
1784275267068 0.30463844537734985 618
1784275267082 0.3913504481315613 619
1784275267096 0.1531282514333725 620
1784275267112 0.09495032578706741 621
1784275267126 0.19996976852416992 622
1784275267140 0.520437479019165 623
1784275267154 0.10989729315042496 624
1784275267169 0.21821501851081848 625
1784275267184 0.29474499821662903 626
1784275267197 0.24642647802829742 627
1784275267212 0.380265474319458 628
1784275267226 0.3582612872123718 629
1784275267242 0.29580697417259216 630
1784275267255 0.3257325291633606 631
1784275267269 0.3341253399848938 632
1784275267285 0.44327348470687866 633
1784275267302 0.15360678732395172 634
1784275267320 0.24169394373893738 635
1784275267337 0.11176448315382004 636
1784275267352 0.199135422706604 637
1784275267368 0.19151994585990906 638
1784275267382 0.2873355448246002 639
1784275267396 0.20368900895118713 640
1784275267410 0.5533180236816406 641
1784275267425 0.26199695467948914 642
1784275267440 0.2547926902770996 643
1784275267454 0.196995809674263 644
1784275267468 0.22412490844726562 645
1784275267482 0.3301064670085907 646
1784275267496 0.22645960748195648 647
1784275267512 0.4501799941062927 648
1784275267526 0.32318004965782166 649
1784275267541 0.20153573155403137 650
1784275267556 0.3397696912288666 651
1784275267568 0.1561783403158188 652
1784275267581 0.113600954413414 653
1784275267594 0.18317437171936035 654
1784275267609 0.1852787435054779 655
1784275267621 0.14557693898677826 656
1784275267634 0.508021354675293 657
1784275267647 0.08426777273416519 658
1784275267662 0.22285939753055573 659
1784275267676 0.35447433590888977 660
1784275267688 0.5145760178565979 661
1784275267702 0.32663342356681824 662
1784275267716 0.3461984395980835 663
1784275267730 0.13107089698314667 664
1784275267747 0.1494881808757782 665
1784275267762 0.11982748657464981 666
1784275267776 0.459154337644577 667
1784275267791 0.25866955518722534 668
1784275267804 0.20398639142513275 669
1784275267819 0.11073200404644012 670
1784275267851 0.12413115799427032 671
1784275267865 0.20912054181098938 672
1784275267879 0.45422467589378357 673
1784275267894 0.27106165885925293 674
1784275267909 0.18183131515979767 675
1784275267922 0.29997190833091736 676
1784275267938 0.46094995737075806 677
1784275267954 0.40250635147094727 678
1784275267969 0.3407384157180786 679
1784275267984 0.771731436252594 680
1784275267998 0.3834914267063141 681
1784275268011 0.44163328409194946 682
1784275268028 0.2578149139881134 683
1784275268042 0.2957790791988373 684
1784275268056 0.239982470870018 685
1784275268069 0.24145835638046265 686
1784275268085 0.3009535074234009 687
1784275268101 0.25667503476142883 688
1784275268116 0.11483560502529144 689
1784275268130 0.09466437250375748 690
1784275268143 0.3293081820011139 691
1784275268160 0.16385291516780853 692
1784275268174 0.17715124785900116 693
1784275268190 0.23903320729732513 694
1784275268205 0.32998040318489075 695
1784275268220 0.31260016560554504 696
1784275268235 0.22999633848667145 697
1784275268251 0.30583441257476807 698
1784275268267 0.18132303655147552 699
1784275268285 0.2373383492231369 700
1784275268301 0.44477519392967224 701
1784275268316 0.3366599380970001 702
1784275268335 0.20546649396419525 703
1784275268350 0.14407660067081451 704
1784275268366 0.509794294834137 705
1784275268381 0.3320634663105011 706
1784275268397 0.2518256604671478 707
1784275268413 0.1770627349615097 708
1784275268431 0.22279402613639832 709
1784275268449 0.11133113503456116 710
1784275268468 0.3551362156867981 711
1784275268483 0.15037018060684204 712
1784275268498 0.6657677292823792 713
1784275268513 0.3157159388065338 714
1784275268527 0.13076992332935333 715
1784275268541 0.27014416456222534 716
1784275268554 0.475254088640213 717
1784275268569 0.2208317518234253 718
1784275268585 0.115042544901371 719
1784275268600 0.13003681600093842 720
1784275268616 0.23103006184101105 721
1784275268631 0.2854963541030884 722
1784275268646 0.18355333805084229 723
1784275268662 0.6043766140937805 724
1784275268676 0.314089834690094 725
1784275268690 0.18107017874717712 726
1784275268705 0.20375944674015045 727
1784275268720 0.06810024380683899 728
1784275268735 0.28791388869285583 729
1784275268750 0.1854337751865387 730
1784275268763 0.12763677537441254 731
1784275268777 0.3743939697742462 732
1784275268791 0.13780754804611206 733
1784275268804 0.08701487630605698 734
1784275268818 0.13290569186210632 735
1784275268831 0.1038902997970581 736
1784275268848 0.17490845918655396 737
1784275268861 0.12798336148262024 738
1784275268873 0.27530497312545776 739
1784275268888 0.46042561531066895 740
1784275268902 0.1765439659357071 741
1784275268917 0.33922165632247925 742
1784275268931 0.1357957124710083 743
1784275268944 0.3135846257209778 744
1784275268958 0.3068011403083801 745
1784275268972 0.17021140456199646 746
1784275268986 0.22327110171318054 747
1784275269000 0.2897382378578186 748
1784275269015 0.052301060408353806 749
1784275269030 0.08270636945962906 750
1784275269044 0.15264371037483215 751
1784275269059 0.30046844482421875 752
1784275269073 0.2593165338039398 753
1784275269088 0.46035876870155334 754
1784275269103 0.2029695212841034 755
1784275269116 0.17212700843811035 756
1784275269131 0.4912180006504059 757
1784275269148 0.2887271046638489 758
1784275269165 0.2416539192199707 759
1784275269181 0.17357869446277618 760
1784275269197 0.40261563658714294 761
1784275269214 0.17994964122772217 762
1784275269232 0.12596234679222107 763
1784275269247 0.4869407117366791 764
1784275269264 0.3175821304321289 765
1784275269290 0.26794835925102234 766
1784275269308 0.12126364558935165 767
1784275269328 0.285610169172287 768
1784275269349 0.32908129692077637 769
1784275269368 0.05672287940979004 770
1784275269386 0.2933380603790283 771
1784275269404 0.5035176873207092 772
1784275269424 0.2544429302215576 773
1784275269445 0.35647058486938477 774
1784275269466 0.284140408039093 775
1784275269487 0.14535368978977203 776
1784275269509 0.08268831670284271 777
1784275269529 0.1592399924993515 778
1784275269545 0.17649099230766296 779
1784275269563 0.3649018108844757 780
1784275269582 0.267940878868103 781
1784275269597 0.25041159987449646 782
1784275269614 0.12400691211223602 783
1784275269632 0.07602100074291229 784
1784275269648 0.30364593863487244 785
1784275269666 0.03940330073237419 786
1784275269685 0.25373128056526184 787
1784275269711 0.08512328565120697 788
1784275269728 0.408517062664032 789
1784275269747 0.28498759865760803 790
1784275269765 0.2307448834180832 791
1784275269784 0.3446263074874878 792
1784275269801 0.11504438519477844 793
1784275269818 0.24218855798244476 794
1784275269832 0.4120238721370697 795
1784275269847 0.34818822145462036 796
1784275269863 0.15800753235816956 797
1784275269952 0.27985304594039917 798
1784275269977 0.2862396538257599 799
1784275269997 0.11836757510900497 800
1784275270020 0.13662341237068176 801
1784275270039 0.30732429027557373 802
1784275270056 0.15738005936145782 803
1784275270072 0.26433065533638 804
1784275270086 0.2379143089056015 805
1784275270101 0.2062932252883911 806
1784275270115 0.2540892958641052 807
1784275270130 0.24597203731536865 808
1784275270146 0.5064969062805176 809
1784275270160 0.40301424264907837 810
1784275270174 0.22194316983222961 811
1784275270190 0.15518702566623688 812
1784275270209 0.16191041469573975 813
1784275270225 0.13555701076984406 814
1784275270241 0.1296996921300888 815
1784275270256 0.34599602222442627 816
1784275270273 0.11032711714506149 817
1784275270288 0.27269500494003296 818
1784275270303 0.4896574318408966 819
1784275270323 0.2523355185985565 820
1784275270339 0.15426087379455566 821
1784275270354 0.3951159715652466 822
1784275270370 0.20625066757202148 823
1784275270385 0.2750781178474426 824
1784275270402 0.24435001611709595 825
1784275270418 0.2394486516714096 826
1784275270433 0.3219161033630371 827
1784275270448 0.41175851225852966 828
1784275270463 0.08796293288469315 829
1784275270477 0.13831526041030884 830
1784275270490 0.19616630673408508 831
1784275270504 0.23010876774787903 832
1784275270519 0.11555507034063339 833
1784275270534 0.25362950563430786 834
1784275270549 0.16059547662734985 835
1784275270564 0.22059164941310883 836
1784275270576 0.1488867551088333 837
1784275270589 0.09372349083423615 838
1784275270603 0.07137294858694077 839
1784275270617 0.5073884129524231 840
1784275270631 0.30307987332344055 841
1784275270645 0.2668309211730957 842
1784275270660 0.0901360735297203 843
1784275270673 0.18908992409706116 844
1784275270687 0.038369178771972656 845
1784275270701 0.1213659793138504 846
1784275270716 0.23678243160247803 847
1784275270729 0.15520189702510834 848
1784275270742 0.08970637619495392 849
1784275270756 0.44083917140960693 850
1784275270769 0.2272610068321228 851
1784275270783 0.1484483927488327 852
1784275270796 0.20402169227600098 853
1784275270809 0.24335874617099762 854
1784275270823 0.30767565965652466 855
1784275270837 0.1972065418958664 856
1784275270851 0.27490559220314026 857
1784275270871 0.3109370172023773 858
1784275270886 0.39216184616088867 859
1784275270899 0.33773478865623474 860
1784275270914 0.1624378114938736 861
1784275270932 0.3114723563194275 862
1784275270947 0.06225815415382385 863
1784275270962 0.14119741320610046 864
1784275270977 0.4687061309814453 865
1784275270991 0.18212565779685974 866
1784275271005 0.22203271090984344 867
1784275271019 0.4965459704399109 868
1784275271033 0.16673602163791656 869
1784275271046 0.1455838978290558 870
1784275271061 0.1472320556640625 871
1784275271076 0.2670871317386627 872
1784275271089 0.2074347734451294 873
1784275271102 0.13888926804065704 874
1784275271116 0.19293323159217834 875
1784275271130 0.4073803424835205 876
1784275271145 0.3571983575820923 877
1784275271160 0.26324766874313354 878
1784275271176 0.3030826151371002 879
1784275271195 0.34988585114479065 880
1784275271212 0.1104334369301796 881
1784275271228 0.04718862846493721 882
1784275271244 0.31125450134277344 883
1784275271260 0.30296117067337036 884
1784275271275 0.11286190152168274 885
1784275271292 0.1700359582901001 886
1784275271310 0.2682030200958252 887
1784275271327 0.25421538949012756 888
1784275271342 0.28257930278778076 889
1784275271358 0.18860366940498352 890
1784275271374 0.21042662858963013 891
1784275271387 0.183676078915596 892
1784275271403 0.11960350722074509 893
1784275271420 0.3824809193611145 894
1784275271434 0.42447629570961 895
1784275271448 0.547366738319397 896
1784275271464 0.2315056324005127 897
1784275271479 0.1103518083691597 898
1784275271495 0.4244758188724518 899
1784275271511 0.04767577350139618 900
1784275271526 0.43126627802848816 901
1784275271545 0.27044790983200073 902
1784275271559 0.2333231270313263 903
1784275271576 0.08879977464675903 904
1784275271593 0.2904819846153259 905
1784275271606 0.1430928111076355 906
1784275271624 0.42304468154907227 907
1784275271639 0.31954658031463623 908
1784275271655 0.3048919141292572 909
1784275271670 0.08212824910879135 910
1784275271685 0.14290830492973328 911
1784275271698 0.1329493373632431 912
1784275271713 0.28980058431625366 913
1784275271728 0.050753239542245865 914
1784275271745 0.13583342730998993 915
1784275271764 0.3333751857280731 916
1784275271780 0.07227253913879395 917
1784275271795 0.12783649563789368 918
1784275271813 0.32984182238578796 919
1784275271829 0.09290526062250137 920
1784275271844 0.20309242606163025 921
1784275271857 0.34397441148757935 922
1784275271871 0.1721280813217163 923
1784275271886 0.20836104452610016 924
1784275271902 0.2579980790615082 925
1784275271915 0.16937728226184845 926
1784275271930 0.06217775493860245 927
1784275271944 0.07459589093923569 928
1784275271957 0.2961564362049103 929
1784275271970 0.30682826042175293 930
1784275271983 0.06096575781702995 931
1784275271999 0.08367600291967392 932
1784275272014 0.49419739842414856 933
1784275272029 0.11253801733255386 934
1784275272044 0.2885301113128662 935
1784275272059 0.5244566202163696 936
1784275272072 0.0778839960694313 937
1784275272085 0.0283321812748909 938
1784275272097 0.07080945372581482 939
1784275272111 0.2812401056289673 940
1784275272125 0.2868945598602295 941
1784275272142 0.2530229687690735 942
1784275272155 0.1848502904176712 943
1784275272173 0.20315009355545044 944
1784275272189 0.19545358419418335 945
1784275272204 0.5547868013381958 946
1784275272217 0.19999422132968903 947
1784275272232 0.21707502007484436 948
1784275272247 0.0657062977552414 949
1784275272260 0.10450369119644165 950
1784275272278 0.16637974977493286 951
1784275272295 0.32866647839546204 952
1784275272315 0.2351083606481552 953
1784275272334 0.2826242446899414 954
1784275272356 0.1121823638677597 955
1784275272375 0.2470584660768509 956
1784275272390 0.27015045285224915 957
1784275272405 0.04861881956458092 958
1784275272421 0.05894647538661957 959
1784275272437 0.12225741147994995 960
1784275272453 0.1859171986579895 961
1784275272468 0.40531104803085327 962
1784275272483 0.4876403212547302 963
1784275272498 0.15934588015079498 964
1784275272516 0.5402976870536804 965
1784275272535 0.18354305624961853 966
1784275272552 0.2586209177970886 967
1784275272573 0.3044995069503784 968
1784275272595 0.7375664114952087 969
1784275272611 0.07129000872373581 970
1784275272631 0.29318907856941223 971
1784275272647 0.6673293709754944 972
1784275272663 0.2356487512588501 973
1784275272680 0.25970223546028137 974
1784275272696 0.27796682715415955 975
1784275272712 0.20293107628822327 976
1784275272729 0.1145300418138504 977
1784275272745 0.28515201807022095 978
1784275272762 0.11267488449811935 979
1784275272776 0.1679309606552124 980
1784275272800 0.4126654267311096 981
1784275272823 0.22872255742549896 982
1784275272842 0.1603281944990158 983
1784275272863 0.37766045331954956 984
1784275272882 0.1945144385099411 985
1784275272900 0.551318883895874 986
1784275272917 0.3157055079936981 987
1784275272932 0.41186821460723877 988
1784275272948 0.28553545475006104 989
1784275272965 0.14256882667541504 990
1784275272981 0.16487623751163483 991
1784275272999 0.14475929737091064 992
1784275273016 0.39480122923851013 993
1784275273031 0.5219352841377258 994
1784275273047 0.2535703778266907 995
1784275273064 0.059112098067998886 996
1784275273081 0.1569739580154419 997
1784275273095 0.19054658710956573 998
1784275273112 0.061314329504966736 999
1784275273129 0.07077042013406754 1000
1784275273146 0.2871793508529663 1001
1784275273162 0.10917656123638153 1002
1784275273180 0.24158184230327606 1003
1784275273197 0.35619303584098816 1004
1784275273210 0.1943252831697464 1005
1784275273225 0.32698801159858704 1006
1784275273240 0.08743595331907272 1007
1784275273256 0.18494857847690582 1008
1784275273270 0.5156717300415039 1009
1784275273284 0.4440913200378418 1010
1784275273302 0.4636614918708801 1011
1784275273318 0.3741612434387207 1012
1784275273334 0.09780144691467285 1013
1784275273348 0.30475905537605286 1014
1784275273362 0.8741820454597473 1015
1784275273376 0.2788602411746979 1016
1784275273393 0.20672497153282166 1017
1784275273411 0.23966285586357117 1018
1784275273426 0.18763300776481628 1019
1784275273442 0.31051841378211975 1020
1784275273457 0.47738030552864075 1021
1784275273469 0.26744017004966736 1022
1784275273482 0.14352048933506012 1023
1784275273495 0.5129539370536804 1024
1784275273510 0.31975674629211426 1025
1784275273523 0.46187305450439453 1026
1784275273537 0.11572972685098648 1027
1784275273559 0.14922094345092773 1028
1784275273576 0.6333418488502502 1029
1784275273592 0.5121914744377136 1030
1784275273604 0.3095465302467346 1031
1784275273619 0.12354150414466858 1032
1784275273635 0.43843337893486023 1033
1784275273651 0.10102741420269012 1034
1784275273666 0.216162770986557 1035
1784275273680 0.4467787742614746 1036
1784275273697 0.3857097327709198 1037
1784275273714 0.2993241250514984 1038
1784275273730 0.23782049119472504 1039
1784275273744 0.23940035700798035 1040
1784275273758 0.6044719815254211 1041
1784275273773 0.16962720453739166 1042
1784275273786 0.2754511535167694 1043
1784275273802 0.45308825373649597 1044
1784275273818 0.10003163665533066 1045
1784275273832 0.26281359791755676 1046
1784275273846 0.4145623445510864 1047
1784275273859 0.34165218472480774 1048
1784275273873 0.10185997188091278 1049
1784275273886 0.2209465056657791 1050
1784275273899 0.18653464317321777 1051
1784275273913 0.1890169084072113 1052
1784275273928 0.2519676983356476 1053
1784275273942 0.23128707706928253 1054
1784275273959 0.3029100000858307 1055
1784275273976 0.35925760865211487 1056
1784275273996 0.4072028398513794 1057
1784275274012 0.225595623254776 1058
1784275274028 0.5482190847396851 1059
1784275274044 0.24748112261295319 1060
1784275274059 0.25617000460624695 1061
1784275274074 0.3957045376300812 1062
1784275274087 0.14209473133087158 1063
1784275274101 0.18612433969974518 1064
1784275274116 0.3156387209892273 1065
1784275274133 0.43632879853248596 1066
1784275274149 0.09680081158876419 1067
1784275274166 0.38067758083343506 1068
1784275274181 0.48188096284866333 1069
1784275274198 0.11913662403821945 1070
1784275274214 0.17338931560516357 1071
1784275274230 0.2551434636116028 1072
1784275274245 0.16663242876529694 1073
1784275274258 0.13972894847393036 1074
1784275274274 0.17761997878551483 1075
1784275274289 0.05882709100842476 1076
1784275274303 0.11543849110603333 1077
1784275274317 0.3230508267879486 1078
1784275274332 0.26028382778167725 1079
1784275274346 0.21106231212615967 1080
1784275274360 0.2557210624217987 1081
1784275274376 0.1458248347043991 1082
1784275274391 0.14486786723136902 1083
1784275274404 0.14809852838516235 1084
1784275274419 0.3968161642551422 1085
1784275274433 0.1902131289243698 1086
1784275274447 0.07841819524765015 1087
1784275274462 0.2302071452140808 1088
1784275274476 0.2932736277580261 1089
1784275274490 0.23103958368301392 1090
1784275274503 0.10276676714420319 1091
1784275274519 0.0692402571439743 1092
1784275274534 0.16753096878528595 1093
1784275274549 0.4296684265136719 1094
1784275274564 0.263444185256958 1095
1784275274578 0.19795627892017365 1096
1784275274593 0.1834321767091751 1097
1784275274609 0.15525315701961517 1098
1784275274623 0.28336647152900696 1099
1784275274638 0.17436978220939636 1100
1784275274653 0.28068849444389343 1101
1784275274668 0.31121495366096497 1102
1784275274682 0.18199123442173004 1103
1784275274695 0.377252995967865 1104
1784275274710 0.12142514437437057 1105
1784275274726 0.22784368693828583 1106
1784275274740 0.08422233164310455 1107
1784275274753 0.3024858236312866 1108
1784275274767 0.08310753852128983 1109
1784275274781 0.11812141537666321 1110
1784275274795 0.11841603368520737 1111
1784275274810 0.19749373197555542 1112
1784275274824 0.2334730476140976 1113
1784275274839 0.12391930818557739 1114
1784275274852 0.16904179751873016 1115
1784275274867 0.036504000425338745 1116
1784275274881 0.4909343719482422 1117
1784275274896 0.2760792374610901 1118
1784275274917 0.4187133312225342 1119
1784275274932 0.5285816192626953 1120
1784275274946 0.0976439118385315 1121
1784275274960 0.09620851278305054 1122
1784275274973 0.14552447199821472 1123
1784275274988 0.48226726055145264 1124
1784275275004 0.20942190289497375 1125
1784275275019 0.32575544714927673 1126
1784275275036 0.16941995918750763 1127
1784275275051 0.34745433926582336 1128
1784275275065 0.07612308859825134 1129
1784275275080 0.19855032861232758 1130
1784275275096 0.16589044034481049 1131
1784275275114 0.3619176149368286 1132
1784275275131 0.19843441247940063 1133
1784275275213 0.05525606498122215 1134
1784275275235 0.1781679391860962 1135
1784275275252 0.33596494793891907 1136
1784275275273 0.3272750973701477 1137
1784275275289 0.0571444146335125 1138
1784275275307 0.301989883184433 1139
1784275275320 0.1400873363018036 1140
1784275275335 0.3088945150375366 1141
1784275275350 0.10176913440227509 1142
1784275275365 0.3746594190597534 1143
1784275275379 0.5267863273620605 1144
1784275275393 0.14872150123119354 1145
1784275275408 0.09900842607021332 1146
1784275275422 0.45977726578712463 1147
1784275275436 0.17002147436141968 1148
1784275275451 0.3335818946361542 1149
1784275275466 0.22925250232219696 1150
1784275275481 0.1578669548034668 1151
1784275275495 0.3048100471496582 1152
1784275275509 0.2157863825559616 1153
1784275275526 0.2994205951690674 1154
1784275275541 0.210922509431839 1155
1784275275557 0.10465151071548462 1156
1784275275573 0.20148088037967682 1157
1784275275590 0.44904324412345886 1158
1784275275608 0.17987759411334991 1159
1784275275623 0.13448546826839447 1160
1784275275637 0.12107233703136444 1161
1784275275653 0.13217560946941376 1162
1784275275669 0.1392846405506134 1163
1784275275683 0.5011812448501587 1164
1784275275701 0.12514905631542206 1165
1784275275717 0.19025380909442902 1166
1784275275734 0.10733076184988022 1167
1784275275752 0.22784176468849182 1168
1784275275769 0.06916752457618713 1169
1784275275786 0.2547224164009094 1170
1784275275803 0.07364219427108765 1171
1784275275821 0.1304318904876709 1172
1784275275837 0.18047581613063812 1173
1784275275854 0.050455596297979355 1174
1784275275870 0.0381765142083168 1175
1784275275886 0.2419416755437851 1176
1784275275901 0.10228168964385986 1177
1784275275916 0.10472922772169113 1178
1784275275932 0.24025188386440277 1179
1784275275947 0.16149669885635376 1180
1784275275963 0.2430761605501175 1181
1784275275977 0.563136637210846 1182
1784275275989 0.19965070486068726 1183
1784275276003 0.314976304769516 1184
1784275276018 0.06462860852479935 1185
1784275276033 0.382062166929245 1186
1784275276047 0.11577684432268143 1187
1784275276063 0.10738816857337952 1188
1784275276077 0.17982889711856842 1189
1784275276092 0.2310207635164261 1190
1784275276108 0.32082608342170715 1191
1784275276123 0.07011601328849792 1192
1784275276138 0.35670945048332214 1193
1784275276152 0.3440019190311432 1194
1784275276168 0.2878534495830536 1195
1784275276189 0.06838547438383102 1196
1784275276207 0.1258469969034195 1197
1784275276224 0.4149739444255829 1198
1784275276241 0.2989824414253235 1199
1784275276258 0.5137271881103516 1200
1784275276272 0.11060063540935516 1201
1784275276288 0.2999448776245117 1202
1784275276301 0.16221940517425537 1203
1784275276315 0.08761890232563019 1204
1784275276329 0.06886573135852814 1205
1784275276343 0.5374470949172974 1206
1784275276358 0.42501264810562134 1207
1784275276372 0.12642258405685425 1208
1784275276389 0.36962825059890747 1209
1784275276405 0.12070609629154205 1210
1784275276423 0.10778290778398514 1211
1784275276439 0.2666880786418915 1212
1784275276458 0.37205731868743896 1213
1784275276476 0.18601402640342712 1214
1784275276495 0.25511202216148376 1215
1784275276513 0.4048003554344177 1216
1784275276533 0.35996416211128235 1217
1784275276551 0.2241535186767578 1218
1784275276569 0.403404176235199 1219
1784275276586 0.03865259513258934 1220
1784275276601 0.32002702355384827 1221
1784275276615 0.20011018216609955 1222
1784275276630 0.06515845656394958 1223
1784275276646 0.20302966237068176 1224
1784275276661 0.24666334688663483 1225
1784275276677 0.22960367798805237 1226
1784275276692 0.21030385792255402 1227
1784275276708 0.1101192831993103 1228
1784275276722 0.4572230279445648 1229
1784275276737 0.2014162391424179 1230
1784275276751 0.0558321438729763 1231
1784275276766 0.2162146270275116 1232
1784275276782 0.12707354128360748 1233
1784275276797 0.2734721601009369 1234
1784275276812 0.3773551285266876 1235
1784275276828 0.2609264850616455 1236
1784275276843 0.15156397223472595 1237
1784275276858 0.23453912138938904 1238
1784275276874 0.035938359797000885 1239
1784275276887 0.21903854608535767 1240
1784275276904 0.2104668766260147 1241
1784275276919 0.07435473799705505 1242
1784275276935 0.19491276144981384 1243
1784275276949 0.1334208995103836 1244
1784275276963 0.20881521701812744 1245
1784275276978 0.105255626142025 1246
1784275276993 0.09184223413467407 1247
1784275277008 0.4049736261367798 1248
1784275277023 0.33277300000190735 1249
1784275277039 0.31706488132476807 1250
1784275277053 0.1699071228504181 1251
1784275277067 0.11154679208993912 1252
1784275277081 0.15659832954406738 1253
1784275277097 0.2612171173095703 1254
1784275277114 0.15056781470775604 1255
1784275277131 0.3145124316215515 1256
1784275277145 0.09850381314754486 1257
1784275277160 0.13332392275333405 1258
1784275277175 0.14750757813453674 1259
1784275277190 0.27380651235580444 1260
1784275277206 0.1298505663871765 1261
1784275277221 0.2430214136838913 1262
1784275277236 0.27249136567115784 1263
1784275277251 0.25286707282066345 1264
1784275277266 0.11425936967134476 1265
1784275277281 0.3888154923915863 1266
1784275277295 0.25380706787109375 1267
1784275277311 0.059738513082265854 1268
1784275277326 0.12946359813213348 1269
1784275277341 0.3325028419494629 1270
1784275277356 0.10171878337860107 1271
1784275277372 0.05995047837495804 1272
1784275277387 0.5695939064025879 1273
1784275277400 0.0731649398803711 1274
1784275277415 0.2810114622116089 1275
1784275277430 0.2874909043312073 1276
1784275277446 0.374989777803421 1277
1784275277461 0.10245967656373978 1278
1784275277478 0.23486511409282684 1279
1784275277494 0.5815178155899048 1280
1784275277509 0.2227141261100769 1281
1784275277523 0.34205707907676697 1282
1784275277537 0.36889052391052246 1283
1784275277551 0.16663308441638947 1284
1784275277564 0.336783230304718 1285
1784275277578 0.2105601578950882 1286
1784275277592 0.5524484515190125 1287
1784275277604 0.1371975541114807 1288
1784275277618 0.060860343277454376 1289
1784275277632 0.1039130687713623 1290
1784275277646 0.5766300559043884 1291
1784275277660 0.18455184996128082 1292
1784275277676 0.19770117104053497 1293
1784275277692 0.2892343997955322 1294
1784275277706 0.3148886263370514 1295
1784275277719 0.6337175369262695 1296
1784275277734 0.32131990790367126 1297
1784275277749 0.22434736788272858 1298
1784275277766 0.3563305139541626 1299
1784275277779 0.070657879114151 1300
1784275277793 0.1992044895887375 1301
1784275277806 0.22378702461719513 1302
1784275277823 0.36842775344848633 1303
1784275277837 0.05400291457772255 1304
1784275277851 0.3453463017940521 1305
1784275277866 0.249485582113266 1306
1784275277895 0.09217067062854767 1307
1784275277911 0.26296374201774597 1308
1784275277925 0.2674267590045929 1309
1784275277938 0.15300409495830536 1310
1784275277952 0.11244269460439682 1311
1784275277967 0.6759138703346252 1312
1784275277984 0.4612412452697754 1313
1784275277998 0.18492719531059265 1314
1784275278012 0.5536864995956421 1315
1784275278029 0.28944966197013855 1316
1784275278044 0.05024069547653198 1317
1784275278059 0.21665209531784058 1318
1784275278075 0.3208088278770447 1319
1784275278090 0.26647642254829407 1320
1784275278105 0.3932965397834778 1321
1784275278122 0.25877082347869873 1322
1784275278138 0.07636323571205139 1323
1784275278153 0.5210503339767456 1324
1784275278169 0.2804373800754547 1325
1784275278184 0.15629500150680542 1326
1784275278199 0.18283243477344513 1327
1784275278214 0.16969211399555206 1328
1784275278230 0.18364982306957245 1329
1784275278247 0.1761639565229416 1330
1784275278270 0.07428407669067383 1331
1784275278291 0.05671698972582817 1332
1784275278314 0.2886238396167755 1333
1784275278334 0.12667730450630188 1334
1784275278352 0.31932756304740906 1335
1784275278374 0.12408138811588287 1336
1784275278392 0.03654246777296066 1337
1784275278412 0.1057051420211792 1338
1784275278433 0.17771004140377045 1339
1784275278452 0.07449880987405777 1340
1784275278470 0.1376025378704071 1341
1784275278488 0.18819448351860046 1342
1784275278505 0.07879278808832169 1343
1784275278524 0.12924815714359283 1344
1784275278540 0.25142109394073486 1345
1784275278555 0.03540436178445816 1346
1784275278569 0.052015919238328934 1347
1784275278583 0.08724081516265869 1348
1784275278597 0.34101295471191406 1349
1784275278612 0.06950090080499649 1350
1784275278629 0.03520645201206207 1351
1784275278642 0.34451690316200256 1352
1784275278661 0.21142983436584473 1353
1784275278676 0.44279175996780396 1354
1784275278692 0.17111270129680634 1355
1784275278705 0.182665154337883 1356
1784275278720 0.24721293151378632 1357
1784275278734 0.012676680460572243 1358
1784275278748 0.21726667881011963 1359
1784275278762 0.1490442454814911 1360
1784275278777 0.18702071905136108 1361
1784275278793 0.05788455531001091 1362
1784275278808 0.6102200746536255 1363
1784275278824 0.6644619703292847 1364
1784275278838 0.33144816756248474 1365
1784275278852 0.08817676454782486 1366
1784275278868 0.11080610007047653 1367
1784275278884 0.08754242956638336 1368
1784275278900 0.5030601024627686 1369
1784275278916 0.11308037489652634 1370
1784275278932 0.24997031688690186 1371
1784275278946 0.15237025916576385 1372
1784275278961 0.3333692252635956 1373
1784275278975 0.11973687261343002 1374
1784275278989 0.0951935350894928 1375
1784275279005 0.18601684272289276 1376
1784275279018 0.3815946578979492 1377
1784275279032 0.19317029416561127 1378
1784275279046 0.24318534135818481 1379
1784275279060 0.3385963439941406 1380
1784275279077 0.25215083360671997 1381
1784275279090 0.5154831409454346 1382
1784275279102 0.14278246462345123 1383
1784275279115 0.17341889441013336 1384
1784275279132 0.056199319660663605 1385
1784275279147 0.21836449205875397 1386
1784275279163 0.29273930191993713 1387
1784275279177 0.37886762619018555 1388
1784275279192 0.1400420069694519 1389
1784275279205 0.1490248143672943 1390
1784275279218 0.2701675295829773 1391
1784275279233 0.21091727912425995 1392
1784275279247 0.5561653971672058 1393
1784275279261 0.0688025951385498 1394
1784275279276 0.19060808420181274 1395
1784275279292 0.07466621696949005 1396
1784275279307 0.16828835010528564 1397
1784275279322 0.17295518517494202 1398
1784275279339 0.21882013976573944 1399
1784275279352 0.06872422248125076 1400
1784275279366 0.1378713846206665 1401
1784275279382 0.0945378765463829 1402
1784275279398 0.2229989767074585 1403
1784275279412 0.0978587195277214 1404
1784275279427 0.2117691934108734 1405
1784275279441 0.04310145229101181 1406
1784275279456 0.28022751212120056 1407
1784275279468 0.13320857286453247 1408
1784275279482 0.29622218012809753 1409
1784275279497 0.37535709142684937 1410
1784275279511 0.018610535189509392 1411
1784275279526 0.24373061954975128 1412
1784275279538 0.11803632229566574 1413
1784275279552 0.5056102871894836 1414
1784275279566 0.29685139656066895 1415
1784275279580 0.2378830760717392 1416
1784275279594 0.5572412610054016 1417
1784275279610 0.062131281942129135 1418
1784275279625 0.16880418360233307 1419
1784275279638 0.11204486340284348 1420
1784275279654 0.4181884825229645 1421
1784275279668 0.10026908665895462 1422
1784275279682 0.27437832951545715 1423
1784275279696 0.2560506761074066 1424
1784275279710 0.4313306510448456 1425
1784275279724 0.17556239664554596 1426
1784275279740 0.11911580711603165 1427
1784275279754 0.29999181628227234 1428
1784275279768 0.062306713312864304 1429
1784275279783 0.52784264087677 1430
1784275279797 0.14756017923355103 1431
1784275279811 0.1832544207572937 1432
1784275279825 0.16155898571014404 1433
1784275279839 0.27766093611717224 1434
1784275279853 0.14685265719890594 1435
1784275279867 0.19329926371574402 1436
1784275279881 0.40713241696357727 1437
1784275279896 0.2755381166934967 1438
1784275279912 0.11729533225297928 1439
1784275279927 0.10326918959617615 1440
1784275279939 0.25454509258270264 1441
1784275279951 0.27676820755004883 1442
1784275279965 0.18243134021759033 1443
1784275279980 0.1325015127658844 1444
1784275279995 0.4252695143222809 1445
1784275280012 0.435838520526886 1446
1784275280028 0.22819024324417114 1447
1784275280045 0.3091476857662201 1448
1784275280062 0.20423051714897156 1449
1784275280078 0.31212782859802246 1450
1784275280096 0.29453524947166443 1451
1784275280112 0.2686518728733063 1452
1784275280129 0.20125384628772736 1453
1784275280144 0.08933299034833908 1454
1784275280162 0.09580522775650024 1455
1784275280177 0.27569282054901123 1456
1784275280194 0.43707552552223206 1457
1784275280210 0.35894420742988586 1458
1784275280227 0.16006380319595337 1459
1784275280244 0.37863773107528687 1460
1784275280260 0.14425817131996155 1461
1784275280278 0.07790344208478928 1462
1784275280293 0.34632614254951477 1463
1784275280310 0.14192214608192444 1464
1784275280327 0.24035654962062836 1465
1784275280343 0.3594729006290436 1466
1784275280358 0.11466347426176071 1467
1784275280373 0.07351429760456085 1468
1784275280387 0.24039039015769958 1469
1784275280401 0.2614571452140808 1470
1784275280416 0.1347956359386444 1471
1784275280433 0.05427464470267296 1472
1784275280446 0.11996754258871078 1473
1784275280462 0.02888806164264679 1474
1784275280476 0.19199059903621674 1475
1784275280490 0.2158648669719696 1476
1784275280503 0.0798300951719284 1477
1784275280517 0.39855116605758667 1478
1784275280531 0.21319597959518433 1479
1784275280544 0.2645704448223114 1480
1784275280559 0.10995149612426758 1481
1784275280573 0.5423452854156494 1482
1784275280586 0.12289921194314957 1483
1784275280600 0.4766249656677246 1484
1784275280612 0.03410341590642929 1485
1784275280626 0.32273852825164795 1486
1784275280643 0.1074022427201271 1487
1784275280662 0.2583256661891937 1488
1784275280679 0.13860443234443665 1489
1784275280695 0.05869376286864281 1490
1784275280715 0.2295384407043457 1491
1784275280732 0.13969141244888306 1492
1784275280748 0.07287247478961945 1493
1784275280763 0.060104381293058395 1494
1784275280779 0.0861319750547409 1495
1784275280794 0.30223554372787476 1496
1784275280810 0.31913310289382935 1497
1784275280826 0.05541113391518593 1498
1784275280842 0.17865213751792908 1499
1784275280858 0.1706003099679947 1500
1784275280873 0.08045641332864761 1501
1784275280885 0.453662246465683 1502
1784275280909 0.13079865276813507 1503
1784275280926 0.11368867754936218 1504
1784275280941 0.059085480868816376 1505
1784275280957 0.36376848816871643 1506
1784275280971 0.07020926475524902 1507
1784275280985 0.1413542777299881 1508
1784275281000 0.005872286856174469 1509
1784275281016 0.25664857029914856 1510
1784275281029 0.1691315770149231 1511
1784275281041 0.23225468397140503 1512
1784275281056 0.1380411833524704 1513
1784275281071 0.4240904152393341 1514
1784275281085 0.37719759345054626 1515
1784275281100 0.11596816033124924 1516
1784275281115 0.17240150272846222 1517
1784275281130 0.1655779778957367 1518
1784275281144 0.143778994679451 1519
1784275281156 0.05660288780927658 1520
1784275281170 0.2515692710876465 1521
1784275281184 0.0343640111386776 1522
1784275281199 0.027141829952597618 1523
1784275281214 0.07545389980077744 1524
1784275281230 0.07246685028076172 1525
1784275281243 0.17282697558403015 1526
1784275281258 0.31883344054222107 1527
1784275281273 0.23382912576198578 1528
1784275281288 0.23919041454792023 1529
1784275281306 0.20576928555965424 1530
1784275281322 0.1285237818956375 1531
1784275281339 0.22940213978290558 1532
1784275281355 0.5095331072807312 1533
1784275281373 0.11640740931034088 1534
1784275281390 0.11976811289787292 1535
1784275281409 0.21800653636455536 1536
1784275281424 0.1621972918510437 1537
1784275281442 0.018050530925393105 1538
1784275281458 0.153788223862648 1539
1784275281475 0.26577141880989075 1540
1784275281489 0.5541142821311951 1541
1784275281502 0.028883323073387146 1542
1784275281517 0.06198039650917053 1543
1784275281532 0.1932169646024704 1544
1784275281548 0.15775921940803528 1545
1784275281566 0.11291983723640442 1546
1784275281583 0.17811477184295654 1547
1784275281599 0.1504446268081665 1548
1784275281615 0.11128933727741241 1549
1784275281632 0.08490626513957977 1550
1784275281649 0.2803705036640167 1551
1784275281668 0.05549744516611099 1552
1784275281685 0.10639806091785431 1553
1784275281701 0.05891737341880798 1554
1784275281718 0.3170960545539856 1555
1784275281734 0.3612435460090637 1556
1784275281750 0.6635115146636963 1557
1784275281765 0.05467977002263069 1558
1784275281782 0.2279893010854721 1559
1784275281798 0.23234525322914124 1560
1784275281814 0.26290762424468994 1561
1784275281829 0.1843833178281784 1562
1784275281845 0.6245687007904053 1563
1784275281862 0.06496892869472504 1564
1784275281878 0.08861988037824631 1565
1784275281895 0.15257908403873444 1566
1784275281910 0.027299510315060616 1567
1784275281927 0.2738255262374878 1568
1784275281944 0.25045081973075867 1569
1784275281959 0.29536327719688416 1570
1784275281972 0.1070631816983223 1571
1784275281987 0.10761471837759018 1572
1784275282003 0.1145603358745575 1573
1784275282017 0.1354697346687317 1574
1784275282032 0.2911969721317291 1575
1784275282045 0.37095898389816284 1576
1784275282059 0.3064236044883728 1577
1784275282074 0.4507922828197479 1578
1784275282089 0.3398791551589966 1579
1784275282104 0.15046048164367676 1580
1784275282119 0.2080911248922348 1581
1784275282135 0.24121256172657013 1582
1784275282150 0.41060981154441833 1583
1784275282164 0.11017465591430664 1584
1784275282176 0.3101423978805542 1585
1784275282190 0.2894410192966461 1586
1784275282206 0.35977792739868164 1587
1784275282220 0.15630173683166504 1588
1784275282235 0.12827105820178986 1589
1784275282249 0.24961236119270325 1590
1784275282263 0.3364826738834381 1591
1784275282277 0.12928637862205505 1592
1784275282293 0.13148827850818634 1593
1784275282307 0.25571146607398987 1594
1784275282322 0.08848460763692856 1595
1784275282335 0.19144219160079956 1596
1784275282347 0.1346801519393921 1597
1784275282360 0.3924901485443115 1598
1784275282374 0.07255145162343979 1599
1784275282387 0.2841455638408661 1600
1784275282400 0.3398129940032959 1601
1784275282416 0.20039638876914978 1602
1784275282429 0.07615558803081512 1603
1784275282443 0.29191285371780396 1604
1784275282458 0.03197989612817764 1605
1784275282473 0.0635874941945076 1606
1784275282487 0.3452851176261902 1607
1784275282500 0.21448777616024017 1608
1784275282514 0.15612800419330597 1609
1784275282529 0.10798665136098862 1610
1784275282542 0.34240958094596863 1611
1784275282555 0.09894216805696487 1612
1784275282568 0.11860594153404236 1613
1784275282580 0.3480384349822998 1614
1784275282595 0.16936731338500977 1615
1784275282609 0.38613152503967285 1616
1784275282623 0.10922037065029144 1617
1784275282639 0.19580546021461487 1618
1784275282651 0.15180280804634094 1619
1784275282665 0.25277552008628845 1620
1784275282679 0.10345696657896042 1621
1784275282694 0.14926496148109436 1622
1784275282709 0.07624203711748123 1623
1784275282722 0.328362375497818 1624
1784275282737 0.02911636047065258 1625
1784275282751 0.2579716145992279 1626
1784275282765 0.36593759059906006 1627
1784275282778 0.18050603568553925 1628
1784275282792 0.07584699988365173 1629
1784275282807 0.14781679213047028 1630
1784275282822 0.20294708013534546 1631
1784275282836 0.2317313849925995 1632
1784275282850 0.09657781571149826 1633
1784275282865 0.09294405579566956 1634
1784275282882 0.17828629910945892 1635
1784275282900 0.21609178185462952 1636
1784275282916 0.06029842793941498 1637
1784275282933 0.12026587873697281 1638
1784275282950 0.05836270749568939 1639
1784275282964 0.02323099970817566 1640
1784275282979 0.33120766282081604 1641
1784275282993 0.10181833058595657 1642
1784275283008 0.35882896184921265 1643
1784275283024 0.026748085394501686 1644
1784275283038 0.04411264508962631 1645
1784275283051 0.06195734441280365 1646
1784275283065 0.28126421570777893 1647
1784275283079 0.1858336180448532 1648
1784275283095 0.032549139112234116 1649
1784275283110 0.1881621778011322 1650
1784275283125 0.2469976395368576 1651
1784275283138 0.16944468021392822 1652
1784275283153 0.08117718249559402 1653
1784275283169 0.11589115113019943 1654
1784275283183 0.21869303286075592 1655
1784275283198 0.33378851413726807 1656
1784275283213 0.1813821643590927 1657
1784275283228 0.39281904697418213 1658
1784275283243 0.01916416548192501 1659
1784275283258 0.13204094767570496 1660
1784275283273 0.2486449033021927 1661
1784275283289 0.29486286640167236 1662
1784275283305 0.20346872508525848 1663
1784275283320 0.11959021538496017 1664
1784275283333 0.30952200293540955 1665
1784275283346 0.2073296308517456 1666
1784275283362 0.1665518432855606 1667
1784275283375 0.04635974019765854 1668
1784275283390 0.2675626277923584 1669
1784275283404 0.42973291873931885 1670
1784275283419 0.2699531316757202 1671
1784275283434 0.12941281497478485 1672
1784275283449 0.09042458236217499 1673
1784275283467 0.10862762480974197 1674
1784275283482 0.1510610729455948 1675
1784275283498 0.08368106931447983 1676
1784275283513 0.19101032614707947 1677
1784275283528 0.0673912763595581 1678
1784275283545 0.18697020411491394 1679
1784275283559 0.13540378212928772 1680
1784275283575 0.15099743008613586 1681
1784275283591 0.3501700460910797 1682
1784275283606 0.42442840337753296 1683
1784275283621 0.09823755919933319 1684
1784275283637 0.139767587184906 1685
1784275283653 0.0861809030175209 1686
1784275283667 0.07512586563825607 1687
1784275283691 0.18938946723937988 1688
1784275283702 0.31713056564331055 1689
1784275283717 0.019899830222129822 1690
1784275283732 0.31003323197364807 1691
1784275283746 0.07143563777208328 1692
1784275283760 0.4795079231262207 1693
1784275283774 0.021566687151789665 1694
1784275283788 0.12481993436813354 1695
1784275283801 0.058115750551223755 1696
1784275283816 0.17976590991020203 1697
1784275283832 0.10017593204975128 1698
1784275283846 0.26456621289253235 1699
1784275283860 0.1595160812139511 1700
1784275283876 0.1606130599975586 1701
1784275283891 0.07068122923374176 1702
1784275283908 0.49727290868759155 1703
1784275283922 0.07528102397918701 1704
1784275283937 0.12436087429523468 1705
1784275283953 0.07053740322589874 1706
1784275283965 0.3582153618335724 1707
1784275283978 0.09464715421199799 1708
1784275283993 0.2038242369890213 1709
1784275284008 0.17952470481395721 1710
1784275284020 0.027329035103321075 1711
1784275284032 0.1769254058599472 1712
1784275284044 0.04725492373108864 1713
1784275284058 0.04123914614319801 1714
1784275284072 0.17211496829986572 1715
1784275284086 0.07949025183916092 1716
1784275284101 0.28616708517074585 1717
1784275284115 0.7379831671714783 1718
1784275284129 0.3039497137069702 1719
1784275284143 0.0518081896007061 1720
1784275284157 0.21720217168331146 1721
1784275284172 0.061145417392253876 1722
1784275284186 0.026248272508382797 1723
1784275284199 0.04327337071299553 1724
1784275284215 0.03715763986110687 1725
1784275284229 0.2130393087863922 1726
1784275284243 0.26550498604774475 1727
1784275284257 0.18483643233776093 1728
1784275284271 0.08065633475780487 1729
1784275284287 0.08580631017684937 1730
1784275284301 0.06442379206418991 1731
1784275284314 0.14876285195350647 1732
1784275284327 0.05998219549655914 1733
1784275284344 0.05415864288806915 1734
1784275284361 0.12214743345975876 1735
1784275284377 0.03290623798966408 1736
1784275284394 0.4064984917640686 1737
1784275284411 0.2570205628871918 1738
1784275284428 0.037060413509607315 1739
1784275284445 0.23577570915222168 1740
1784275284459 0.26645714044570923 1741
1784275284476 0.03496807441115379 1742
1784275284489 0.06215953454375267 1743
1784275284506 0.2942027747631073 1744
1784275284519 0.016045711934566498 1745
1784275284534 0.16044563055038452 1746
1784275284550 0.04520426690578461 1747
1784275284564 0.02966088242828846 1748
1784275284579 0.29045289754867554 1749
1784275284593 0.32298433780670166 1750
1784275284608 0.05228032171726227 1751
1784275284623 0.21010346710681915 1752
1784275284639 0.3475133180618286 1753
1784275284655 0.14219437539577484 1754
1784275284670 0.15627643465995789 1755
1784275284684 0.26636749505996704 1756
1784275284699 0.042287807911634445 1757
1784275284715 0.18962498009204865 1758
1784275284730 0.08750408887863159 1759
1784275284744 0.21846452355384827 1760
1784275284759 0.23176269233226776 1761
1784275284774 0.2599523663520813 1762
1784275284789 0.17333611845970154 1763
1784275284804 0.18648086488246918 1764
1784275284817 0.2600041627883911 1765
1784275284832 0.0653923824429512 1766
1784275284846 0.08128787577152252 1767
1784275284859 0.25519365072250366 1768
1784275284874 0.4553011953830719 1769
1784275284888 0.3201873302459717 1770
1784275284904 0.18683955073356628 1771
1784275284921 0.2025323510169983 1772
1784275284938 0.05485343933105469 1773
1784275284956 0.14602875709533691 1774
1784275284973 0.2496502697467804 1775
1784275284989 0.07657868415117264 1776
1784275285004 0.07627992331981659 1777
1784275285018 0.06662364304065704 1778
1784275285033 0.2213369756937027 1779
1784275285048 0.04964645206928253 1780
1784275285062 0.3623402714729309 1781
1784275285076 0.3510395884513855 1782
1784275285092 0.060705751180648804 1783
1784275285107 0.04840540885925293 1784
1784275285127 0.1563505083322525 1785
1784275285143 0.0771849974989891 1786
1784275285159 0.017193589359521866 1787
1784275285177 0.11116752028465271 1788
1784275285191 0.1387581080198288 1789
1784275285207 0.3539413511753082 1790
1784275285221 0.06637638807296753 1791
1784275285237 0.07498977333307266 1792
1784275285250 0.026853980496525764 1793
1784275285266 0.08388303965330124 1794
1784275285281 0.09591428935527802 1795
1784275285299 0.1562219262123108 1796
1784275285314 0.06408792734146118 1797
1784275285328 0.10468630492687225 1798
1784275285342 0.15198585391044617 1799
1784275285356 0.08834532648324966 1800
1784275285370 0.27741479873657227 1801
1784275285383 0.1705169677734375 1802
1784275285399 0.4262810945510864 1803
1784275285413 0.04540669918060303 1804
1784275285427 0.10831784456968307 1805
1784275285440 0.16567263007164001 1806
1784275285455 0.08310702443122864 1807
1784275285470 0.07459994405508041 1808
1784275285484 0.14627881348133087 1809
1784275285499 0.2284626066684723 1810
1784275285511 0.1600794792175293 1811
1784275285526 0.058326780796051025 1812
1784275285540 0.05891244858503342 1813
1784275285554 0.06537926942110062 1814
1784275285570 0.2010854184627533 1815
1784275285585 0.08442863076925278 1816
1784275285599 0.30146434903144836 1817
1784275285614 0.06780769675970078 1818
1784275285628 0.37876009941101074 1819
1784275285643 0.06196562200784683 1820
1784275285658 0.13813161849975586 1821
1784275285674 0.14314405620098114 1822
1784275285688 0.1720500886440277 1823
1784275285703 0.24972498416900635 1824
1784275285716 0.053292166441679 1825
1784275285730 0.0506419874727726 1826
1784275285747 0.10493975132703781 1827
1784275285761 0.17465102672576904 1828
1784275285775 0.2829872965812683 1829
1784275285789 0.0438898503780365 1830
1784275285804 0.09461640566587448 1831
1784275285816 0.44269460439682007 1832
1784275285831 0.2211158573627472 1833
1784275285845 0.19521699845790863 1834
1784275285858 0.026116861030459404 1835
1784275285873 0.3146976828575134 1836
1784275285888 0.1256384551525116 1837
1784275285903 0.05845402553677559 1838
1784275285924 0.273830771446228 1839
1784275285937 0.03177544102072716 1840
1784275285952 0.08935809880495071 1841
1784275285967 0.06478667259216309 1842
1784275285982 0.2528473436832428 1843
1784275285997 0.17989838123321533 1844
1784275286010 0.2625390589237213 1845
1784275286023 0.05700431019067764 1846
1784275286036 0.18173456192016602 1847
1784275286049 0.08470356464385986 1848
1784275286063 0.2784874737262726 1849
1784275286076 0.28030213713645935 1850
1784275286091 0.19609807431697845 1851
1784275286106 0.2603999078273773 1852
1784275286121 0.1665584146976471 1853
1784275286134 0.07526001334190369 1854
1784275286149 0.22025549411773682 1855
1784275286164 0.13960345089435577 1856
1784275286178 0.023165849968791008 1857
1784275286193 0.34493589401245117 1858
1784275286207 0.054744210094213486 1859
1784275286220 0.1293659210205078 1860
1784275286235 0.053446076810359955 1861
1784275286250 0.11105885356664658 1862
1784275286265 0.19594433903694153 1863
1784275286279 0.03137979283928871 1864
1784275286293 0.23710042238235474 1865
1784275286308 0.16207368671894073 1866
1784275286323 0.22052477300167084 1867
1784275286336 0.1199108362197876 1868
1784275286350 0.07915708422660828 1869
1784275286363 0.2793341279029846 1870
1784275286377 0.050798315554857254 1871
1784275286391 0.11519312858581543 1872
1784275286406 0.1582738608121872 1873
1784275286429 0.24732404947280884 1874
