1784244761057 2.4678847789764404 0
1784244761079 2.6056110858917236 1
1784244761096 2.2541303634643555 2
1784244761113 2.2019410133361816 3
1784244761127 2.222970485687256 4
1784244761142 2.3113670349121094 5
1784244761155 2.27255916595459 6
1784244761168 2.0820729732513428 7
1784244761180 1.8764607906341553 8
1784244761193 1.9795576333999634 9
1784244761206 1.8452963829040527 10
1784244761219 1.7123113870620728 11
1784244761230 1.8495408296585083 12
1784244761243 1.7204290628433228 13
1784244761255 1.7441478967666626 14
1784244761268 1.6514519453048706 15
1784244761281 1.5248475074768066 16
1784244761293 1.6618210077285767 17
1784244761306 1.4914677143096924 18
1784244761319 1.674325942993164 19
1784244761331 1.3610213994979858 20
1784244761350 1.5012438297271729 21
1784244761364 1.5004762411117554 22
1784244761376 1.145986795425415 23
1784244761388 1.0910933017730713 24
1784244761402 1.0724492073059082 25
1784244761414 1.3449550867080688 26
1784244761428 1.247479796409607 27
1784244761440 1.1294440031051636 28
1784244761453 1.015779972076416 29
1784244761467 1.2796157598495483 30
1784244761479 1.5409208536148071 31
1784244761491 1.2229739427566528 32
1784244761504 1.043148159980774 33
1784244761517 1.1469426155090332 34
1784244761529 0.9527881741523743 35
1784244761542 1.1800340414047241 36
1784244761553 1.0884487628936768 37
1784244761566 1.0381442308425903 38
1784244761579 1.1909990310668945 39
1784244761592 1.040764570236206 40
1784244761604 1.0521478652954102 41
1784244761617 0.990470290184021 42
1784244761632 1.0395128726959229 43
1784244761646 1.199708104133606 44
1784244761659 1.2210347652435303 45
1784244761676 0.7927637100219727 46
1784244761696 0.9019657373428345 47
1784244761714 1.033695101737976 48
1784244761732 0.8953077793121338 49
1784244761747 1.2011644840240479 50
1784244761762 1.3408164978027344 51
1784244761776 0.5897687077522278 52
1784244761787 0.6908484101295471 53
1784244761804 0.9603701829910278 54
1784244761821 0.8166786432266235 55
1784244761836 0.8463167548179626 56
1784244761848 0.7195146083831787 57
1784244761862 0.9659393429756165 58
1784244761879 0.9949426054954529 59
1784244761890 0.7353581190109253 60
1784244761905 0.9404099583625793 61
1784244761921 0.8128179907798767 62
1784244761936 0.9771715402603149 63
1784244761951 0.5972901582717896 64
1784244761966 0.7767173647880554 65
1784244761979 0.8080226182937622 66
1784244761994 0.9133013486862183 67
1784244762006 0.9762222766876221 68
1784244762019 0.8250861763954163 69
1784244762034 0.5355440974235535 70
1784244762046 0.5567811727523804 71
1784244762060 0.7070083022117615 72
1784244762073 0.762787401676178 73
1784244762088 1.0575470924377441 74
1784244762106 0.8240734934806824 75
1784244762123 0.7972447276115417 76
1784244762139 0.6594433784484863 77
1784244762154 0.7579841613769531 78
1784244762167 1.0039926767349243 79
1784244762179 0.7823066711425781 80
1784244762192 0.8446727395057678 81
1784244762205 0.8215298056602478 82
1784244762219 0.690423309803009 83
1784244762231 0.5594815611839294 84
1784244762244 0.6614987850189209 85
1784244762259 0.5985628366470337 86
1784244762272 0.7313588261604309 87
1784244762286 0.6060934066772461 88
1784244762300 0.7552453279495239 89
1784244762314 0.6619535088539124 90
1784244762327 0.672271192073822 91
1784244762339 0.7570090293884277 92
1784244762354 0.9125469923019409 93
1784244762369 0.6637056469917297 94
1784244762383 0.6360623836517334 95
1784244762397 1.0003162622451782 96
1784244762410 0.5492905974388123 97
1784244762423 0.6518890857696533 98
1784244762437 0.6627899408340454 99
1784244762452 0.7009158730506897 100
1784244762467 0.47635015845298767 101
1784244762483 0.6290633082389832 102
1784244762499 0.4968462288379669 103
1784244762512 0.6888648867607117 104
1784244762524 0.7648550868034363 105
1784244762537 0.6670198440551758 106
1784244762548 0.714867115020752 107
1784244762560 0.6108936667442322 108
1784244762571 0.779258131980896 109
1784244762585 0.675006628036499 110
1784244762596 0.5405765771865845 111
1784244762608 0.41349413990974426 112
1784244762620 0.7004643678665161 113
1784244762632 0.8169182538986206 114
1784244762644 0.4283759295940399 115
1784244762656 0.716038167476654 116
1784244762666 0.7106491923332214 117
1784244762679 0.8252165913581848 118
1784244762694 0.5766955018043518 119
1784244762707 0.6414700150489807 120
1784244762720 0.6491691470146179 121
1784244762733 0.6773258447647095 122
1784244762745 0.5666029453277588 123
1784244762756 0.5100834965705872 124
1784244762768 0.45935049653053284 125
1784244762780 0.5684173703193665 126
1784244762792 0.5237853527069092 127
1784244762807 0.6413686275482178 128
1784244762820 0.6482635140419006 129
1784244762833 0.5956780910491943 130
1784244762845 0.8031237721443176 131
1784244762856 0.30291181802749634 132
1784244762869 0.6680323481559753 133
1784244762882 0.5030417442321777 134
1784244762894 0.4150576591491699 135
1784244762905 0.6664783954620361 136
1784244762919 0.6415198445320129 137
1784244762930 0.48160895705223083 138
1784244762942 0.6642743945121765 139
1784244762953 0.44364988803863525 140
1784244762965 0.5183505415916443 141
1784244762977 0.4557724893093109 142
1784244762989 0.5694897174835205 143
1784244763003 0.4809591472148895 144
1784244763016 0.5242478847503662 145
1784244763029 0.5846297740936279 146
1784244763039 0.7193205952644348 147
1784244763052 0.7014748454093933 148
1784244763065 0.5492611527442932 149
1784244763077 0.5716785788536072 150
1784244763092 0.5658795833587646 151
1784244763104 0.7929739952087402 152
1784244763119 0.743098258972168 153
1784244763130 0.5103302597999573 154
1784244763144 0.5895388722419739 155
1784244763158 0.6257271766662598 156
1784244763169 0.5723288059234619 157
1784244763182 0.7156837582588196 158
1784244763194 0.555347204208374 159
1784244763208 0.3775425851345062 160
1784244763225 0.5858736634254456 161
1784244763246 0.35580286383628845 162
1784244763266 0.4712243676185608 163
1784244763289 0.44035834074020386 164
1784244763308 0.501065731048584 165
1784244763328 0.32181814312934875 166
1784244763347 0.7294763922691345 167
1784244763362 0.6916786432266235 168
1784244763385 0.3874416649341583 169
1784244763401 0.5958840250968933 170
1784244763414 0.7351853251457214 171
1784244763426 0.45984771847724915 172
1784244763437 0.3904947340488434 173
1784244763451 0.7422583699226379 174
1784244763464 0.6363722681999207 175
1784244763479 0.8546046614646912 176
1784244763572 0.265786349773407 177
1784244763589 0.5163048505783081 178
1784244763612 0.40590137243270874 179
1784244763624 0.6134608387947083 180
1784244763636 0.6044902205467224 181
1784244763647 0.7235423922538757 182
1784244763658 0.5948108434677124 183
1784244763670 0.5798501968383789 184
1784244763682 0.6041218638420105 185
1784244763695 0.715101957321167 186
1784244763710 0.5399744510650635 187
1784244763722 0.5577079653739929 188
1784244763736 0.5929338335990906 189
1784244763749 0.6968948841094971 190
1784244763763 0.42912790179252625 191
1784244763775 0.812135636806488 192
1784244763788 0.6290550827980042 193
1784244763801 0.536091685295105 194
1784244763813 0.3625517785549164 195
1784244763827 0.49321964383125305 196
1784244763839 0.5536327958106995 197
1784244763852 0.4100402891635895 198
1784244763866 0.466866672039032 199
1784244763878 0.3700450658798218 200
1784244763890 0.5848060846328735 201
1784244763903 0.5115842223167419 202
1784244763914 0.40653038024902344 203
1784244763926 0.41301316022872925 204
1784244763937 0.3583551347255707 205
1784244763949 0.47877728939056396 206
1784244763959 0.498839795589447 207
1784244763970 0.6496589779853821 208
1784244763981 0.6113462448120117 209
1784244763993 0.5385180711746216 210
1784244764005 0.4311923086643219 211
1784244764017 0.3991198241710663 212
1784244764031 0.2673274874687195 213
1784244764046 0.5586430430412292 214
1784244764060 0.6000335812568665 215
1784244764070 0.41767266392707825 216
1784244764085 0.5994782447814941 217
1784244764104 0.5808037519454956 218
1784244764123 0.4853213429450989 219
1784244764139 0.3866436779499054 220
1784244764153 0.3995567560195923 221
1784244764167 0.5961755514144897 222
1784244764180 0.30889198184013367 223
1784244764196 0.5451971888542175 224
1784244764209 0.5022595524787903 225
1784244764220 0.6194226145744324 226
1784244764233 0.35992127656936646 227
1784244764245 0.4746203124523163 228
1784244764258 0.3986058831214905 229
1784244764269 0.28999313712120056 230
1784244764281 0.3527691662311554 231
1784244764291 0.6155908703804016 232
1784244764304 0.3594595193862915 233
1784244764317 0.47726133465766907 234
1784244764335 0.30405065417289734 235
1784244764361 0.655580461025238 236
1784244764416 0.6023085713386536 237
1784244764446 0.6801148653030396 238
1784244764466 0.49137866497039795 239
1784244764484 0.36722564697265625 240
1784244764501 0.41884729266166687 241
1784244764519 0.41714707016944885 242
1784244764537 0.3937780261039734 243
1784244764553 0.44984912872314453 244
1784244764572 0.45430663228034973 245
1784244764589 0.4395909905433655 246
1784244764612 0.4013128876686096 247
1784244764629 0.5183756947517395 248
1784244764645 0.5689606070518494 249
1784244764665 0.5859037041664124 250
1784244764684 0.652494490146637 251
1784244764704 0.3917985260486603 252
1784244764719 0.28029313683509827 253
1784244764739 0.4988017678260803 254
1784244764753 0.5532137751579285 255
1784244764769 0.7762324810028076 256
1784244764784 0.5248138308525085 257
1784244764797 0.5500051975250244 258
1784244764811 0.21595722436904907 259
1784244764830 0.7257105708122253 260
1784244764845 0.6229069232940674 261
1784244764858 0.4021310806274414 262
1784244764871 0.49990254640579224 263
1784244764883 0.3885815441608429 264
1784244764900 0.48502057790756226 265
1784244764911 0.6982051730155945 266
1784244764922 0.5251724123954773 267
1784244764935 0.6725627183914185 268
1784244764948 0.17426341772079468 269
1784244764962 0.6341428756713867 270
1784244764978 0.7701963782310486 271
1784244764993 0.5443512201309204 272
1784244765007 0.5312520861625671 273
1784244765022 0.7559124231338501 274
1784244765036 0.4051438570022583 275
1784244765049 0.4951164722442627 276
1784244765061 0.47339358925819397 277
1784244765073 0.4087272882461548 278
1784244765085 0.5686297416687012 279
1784244765098 0.18891721963882446 280
1784244765112 0.40322110056877136 281
1784244765125 0.41189414262771606 282
1784244765136 0.5085575580596924 283
1784244765148 0.42946842312812805 284
1784244765160 0.5544354319572449 285
1784244765172 0.39571741223335266 286
1784244765184 0.38435783982276917 287
1784244765196 0.3471094071865082 288
1784244765209 0.32212427258491516 289
1784244765226 0.3097432553768158 290
1784244765239 0.7796182036399841 291
1784244765250 0.47024860978126526 292
1784244765264 0.41028934717178345 293
1784244765276 0.7426018118858337 294
1784244765289 0.48902183771133423 295
1784244765301 0.8103088140487671 296
1784244765315 0.9392791986465454 297
1784244765330 0.39585137367248535 298
1784244765343 0.43109482526779175 299
1784244765356 0.2892599403858185 300
1784244765370 0.17344725131988525 301
1784244765383 0.5334160327911377 302
1784244765400 0.3053746521472931 303
1784244765414 0.39627066254615784 304
1784244765428 0.5987126231193542 305
1784244765439 0.3370066285133362 306
1784244765455 0.41639530658721924 307
1784244765472 0.292967289686203 308
1784244765490 0.3792325258255005 309
1784244765507 0.4665164649486542 310
1784244765524 0.5599232316017151 311
1784244765538 0.3537229597568512 312
1784244765552 0.3985980153083801 313
1784244765570 0.3298754394054413 314
1784244765594 0.3262643814086914 315
1784244765609 0.5732507109642029 316
1784244765625 0.4133584797382355 317
1784244765638 0.3021426200866699 318
1784244765649 0.4416837692260742 319
1784244765660 0.7492259740829468 320
1784244765746 0.42107588052749634 321
1784244765765 0.31898826360702515 322
1784244765791 0.3964279890060425 323
1784244765803 0.5781635642051697 324
1784244765815 0.2264067679643631 325
1784244765829 0.4136395752429962 326
1784244765842 0.44161471724510193 327
1784244765855 0.2960403859615326 328
1784244765866 0.4156663715839386 329
1784244765879 0.2969089150428772 330
1784244765893 0.35927072167396545 331
1784244765906 0.5575807094573975 332
1784244765919 0.4042292833328247 333
1784244765931 0.42505306005477905 334
1784244765945 0.42151162028312683 335
1784244765958 0.3427773118019104 336
1784244765969 0.5012032985687256 337
1784244765980 0.39914122223854065 338
1784244765992 0.6117697954177856 339
1784244766003 0.52971351146698 340
1784244766016 0.4308052361011505 341
1784244766029 0.6074959635734558 342
1784244766043 0.4349633753299713 343
1784244766056 0.46313124895095825 344
1784244766069 0.42720386385917664 345
1784244766083 0.5609533190727234 346
1784244766097 0.3369198143482208 347
1784244766109 0.17411483824253082 348
1784244766120 0.5283399224281311 349
1784244766132 0.5712471008300781 350
1784244766144 0.4917556345462799 351
1784244766153 0.49388808012008667 352
1784244766166 0.3036365509033203 353
1784244766179 0.4073135256767273 354
1784244766192 0.3102232813835144 355
1784244766204 0.23795638978481293 356
1784244766217 0.42732641100883484 357
1784244766230 0.6521079540252686 358
1784244766245 0.25920623540878296 359
1784244766260 0.30203568935394287 360
1784244766276 0.32316499948501587 361
1784244766293 0.32009512186050415 362
1784244766308 0.44409725069999695 363
1784244766327 0.16751247644424438 364
1784244766344 0.5657632946968079 365
1784244766363 0.3723181188106537 366
1784244766379 0.4256660044193268 367
1784244766393 0.43581587076187134 368
1784244766406 0.509614109992981 369
1784244766420 0.2973763942718506 370
1784244766434 0.29542970657348633 371
1784244766447 0.5201617479324341 372
1784244766458 0.39157646894454956 373
1784244766469 0.27405035495758057 374
1784244766482 0.436580091714859 375
1784244766495 0.5431225299835205 376
1784244766507 0.1708223521709442 377
1784244766520 0.5421122908592224 378
1784244766533 0.30130428075790405 379
1784244766547 0.4439699649810791 380
1784244766561 0.43264350295066833 381
1784244766574 0.3592149615287781 382
1784244766590 0.5985110998153687 383
1784244766606 0.4963911175727844 384
1784244766622 0.3928423523902893 385
1784244766637 0.3783476948738098 386
1784244766654 0.5626731514930725 387
1784244766668 0.7403798699378967 388
1784244766680 0.5197577476501465 389
1784244766695 0.23334018886089325 390
1784244766709 0.3244226574897766 391
1784244766721 0.600283682346344 392
1784244766736 0.39159122109413147 393
1784244766751 0.3131554126739502 394
1784244766767 0.5121241211891174 395
1784244766778 0.43736982345581055 396
1784244766792 0.3051764667034149 397
1784244766807 0.445591002702713 398
1784244766821 0.15252985060214996 399
1784244766836 0.26344799995422363 400
1784244766850 0.4446575939655304 401
1784244766864 0.3928775489330292 402
1784244766879 0.37672072649002075 403
1784244766894 0.3915131688117981 404
1784244766906 0.31246092915534973 405
1784244766923 0.33976319432258606 406
1784244766935 0.3864733874797821 407
1784244766948 0.4942157566547394 408
1784244766962 0.36238086223602295 409
1784244766975 0.45618805289268494 410
1784244766989 0.39585015177726746 411
1784244767004 1.198155403137207 412
1784244767018 0.9169738292694092 413
1784244767031 0.40925857424736023 414
1784244767045 0.5949667692184448 415
1784244767057 0.4503267705440521 416
1784244767070 0.693985641002655 417
1784244767083 0.26315391063690186 418
1784244767096 0.6806741952896118 419
1784244767109 0.309221088886261 420
1784244767122 0.7110261917114258 421
1784244767136 0.38648489117622375 422
1784244767148 0.39851897954940796 423
1784244767161 0.3109894096851349 424
1784244767174 0.534606397151947 425
1784244767186 0.2175973355770111 426
1784244767197 0.439097136259079 427
1784244767209 0.15036951005458832 428
1784244767220 0.38462531566619873 429
1784244767233 0.7300764918327332 430
1784244767245 0.5071341395378113 431
1784244767261 0.3498185873031616 432
1784244767272 0.4017980992794037 433
1784244767284 0.4113278388977051 434
1784244767294 0.37920260429382324 435
1784244767310 0.5850245952606201 436
1784244767321 0.46093568205833435 437
1784244767332 0.46956202387809753 438
1784244767343 0.3535202145576477 439
1784244767354 0.49649733304977417 440
1784244767366 0.22350795567035675 441
1784244767377 0.6188908815383911 442
1784244767389 0.47114837169647217 443
1784244767400 0.44070449471473694 444
1784244767412 0.23035043478012085 445
1784244767424 0.2954241931438446 446
1784244767435 0.5974751114845276 447
1784244767447 0.6064716577529907 448
1784244767460 0.4184141755104065 449
1784244767472 0.3512023985385895 450
1784244767487 0.34175771474838257 451
1784244767499 0.4129868447780609 452
1784244767511 0.2081446647644043 453
1784244767523 0.40058785676956177 454
1784244767535 0.24238170683383942 455
1784244767547 0.4581889510154724 456
1784244767560 0.22748440504074097 457
1784244767570 0.3303053081035614 458
1784244767583 0.41699498891830444 459
1784244767595 0.3550493121147156 460
1784244767606 0.4499419629573822 461
1784244767619 0.38027864694595337 462
1784244767631 0.6031811833381653 463
1784244767643 0.521145761013031 464
1784244767656 0.44494593143463135 465
1784244767668 0.49485331773757935 466
1784244767681 0.3630739748477936 467
1784244767693 0.3084902763366699 468
1784244767706 0.4182435870170593 469
1784244767721 0.34537264704704285 470
1784244767742 0.6725542545318604 471
1784244767768 0.2536069452762604 472
1784244767792 0.10461205244064331 473
1784244767807 0.5690770745277405 474
1784244767821 0.37867826223373413 475
1784244767835 0.29690316319465637 476
1784244767850 0.5145317316055298 477
1784244767863 0.3840368986129761 478
1784244767879 0.5286125540733337 479
1784244767898 0.308074951171875 480
1784244767912 0.30470210313796997 481
1784244767926 0.24064619839191437 482
1784244767943 0.20273923873901367 483
1784244767954 0.40041062235832214 484
1784244767968 0.5279277563095093 485
1784244767983 0.5069518089294434 486
1784244768000 0.35334068536758423 487
1784244768014 0.4698150157928467 488
1784244768030 0.4036182463169098 489
1784244768045 0.3462904989719391 490
1784244768062 0.4858918786048889 491
1784244768076 0.5125270485877991 492
1784244768087 0.37945225834846497 493
1784244768101 0.44153761863708496 494
1784244768114 0.3094879388809204 495
1784244768128 0.42078453302383423 496
1784244768147 0.6551053524017334 497
1784244768164 0.1905554085969925 498
1784244768180 0.39068928360939026 499
1784244768194 0.5415292382240295 500
1784244768210 0.5298373103141785 501
1784244768225 0.41118699312210083 502
1784244768240 0.2990785837173462 503
1784244768258 0.26349878311157227 504
1784244768276 0.2666971683502197 505
1784244768294 0.3744524121284485 506
1784244768309 0.3901806175708771 507
1784244768324 0.418227881193161 508
1784244768337 0.24404224753379822 509
1784244768350 0.27106088399887085 510
1784244768363 0.3410033583641052 511
1784244768378 0.6476746201515198 512
1784244768395 0.20220400393009186 513
1784244768417 0.5460354685783386 514
1784244768434 0.5143260359764099 515
1784244768447 0.45201465487480164 516
1784244768463 0.28327125310897827 517
1784244768481 0.3161623775959015 518
1784244768497 0.2058209925889969 519
1784244768515 0.37046200037002563 520
1784244768538 0.5765044093132019 521
1784244768559 0.4227020740509033 522
1784244768580 0.5409688949584961 523
1784244768604 0.3883393406867981 524
1784244768622 0.3100716769695282 525
1784244768647 0.6892296075820923 526
1784244768667 0.2879711985588074 527
1784244768685 0.3321654498577118 528
1784244768700 0.39981257915496826 529
1784244768714 0.34603846073150635 530
1784244768734 0.28406015038490295 531
1784244768755 0.3310754895210266 532
1784244768770 0.4287826418876648 533
1784244768790 0.1816534698009491 534
1784244768808 0.5312772393226624 535
1784244768824 0.430914044380188 536
1784244768837 0.18828818202018738 537
1784244768851 0.3404428958892822 538
1784244768866 0.3851436972618103 539
1784244768882 0.5943848490715027 540
1784244768896 0.23149284720420837 541
1784244768910 0.3170583248138428 542
1784244768923 0.3281673192977905 543
1784244768937 0.6039115786552429 544
1784244768952 0.2530685365200043 545
1784244768966 0.48960357904434204 546
1784244768981 0.6169899702072144 547
1784244768997 0.4014999568462372 548
1784244769011 0.4936329424381256 549
1784244769024 0.31045249104499817 550
1784244769039 0.3354826867580414 551
1784244769050 0.6207727789878845 552
1784244769063 0.2910929322242737 553
1784244769079 0.2628628611564636 554
1784244769095 0.36809390783309937 555
1784244769113 0.4728603959083557 556
1784244769130 0.20032775402069092 557
1784244769146 0.2766093611717224 558
1784244769162 0.48601794242858887 559
1784244769181 0.758926510810852 560
1784244769198 0.16880986094474792 561
1784244769243 0.4350751042366028 562
1784244769411 0.33386972546577454 563
1784244769445 0.36306604743003845 564
1784244769460 0.2857827842235565 565
1784244769479 0.3396245241165161 566
1784244769496 0.3429456651210785 567
1784244769511 0.2954528331756592 568
1784244769528 0.40072914958000183 569
1784244769545 0.2176244556903839 570
1784244769561 0.44679397344589233 571
1784244769575 0.4673914313316345 572
1784244769586 0.40689167380332947 573
1784244769599 0.5093074440956116 574
1784244769613 0.4637828469276428 575
1784244769625 0.403717041015625 576
1784244769637 0.4600815773010254 577
1784244769649 0.29612302780151367 578
1784244769660 0.19366729259490967 579
1784244769670 0.3621799647808075 580
1784244769682 0.3355829417705536 581
1784244769693 0.41579094529151917 582
1784244769705 0.29398947954177856 583
1784244769718 0.22150956094264984 584
1784244769729 0.3987271785736084 585
1784244769741 0.35552483797073364 586
1784244769754 0.4184095561504364 587
1784244769766 0.3061642348766327 588
1784244769779 0.40985625982284546 589
1784244769792 0.35572031140327454 590
1784244769803 0.3185739517211914 591
1784244769816 0.23731645941734314 592
1784244769829 0.36994487047195435 593
1784244769841 0.5383780598640442 594
1784244769854 0.22925323247909546 595
1784244769867 0.19858165085315704 596
1784244769880 0.2568906843662262 597
1784244769893 0.43380364775657654 598
1784244769906 0.46873795986175537 599
1784244769918 0.3345601558685303 600
1784244769947 0.21057462692260742 601
1784244769959 0.3552042543888092 602
1784244769971 0.3035171926021576 603
1784244769985 0.20158922672271729 604
1784244769997 0.368276983499527 605
1784244770010 0.24342116713523865 606
1784244770022 0.4441462457180023 607
1784244770035 0.8967946171760559 608
1784244770048 0.4079846441745758 609
1784244770060 0.22913725674152374 610
1784244770072 0.2670626640319824 611
1784244770085 0.33208999037742615 612
1784244770096 0.4301643967628479 613
1784244770109 0.41893449425697327 614
1784244770122 0.303604394197464 615
1784244770136 0.7466121912002563 616
1784244770147 0.2275744527578354 617
1784244770158 0.5292205214500427 618
1784244770168 0.5259960293769836 619
1784244770181 0.3427397310733795 620
1784244770197 0.4682177007198334 621
1784244770210 0.34435126185417175 622
1784244770225 0.4630288779735565 623
1784244770237 0.30229443311691284 624
1784244770249 0.27065062522888184 625
1784244770261 0.5179224014282227 626
1784244770275 0.49896740913391113 627
1784244770288 0.4834994673728943 628
1784244770301 0.27220019698143005 629
1784244770315 0.3642251491546631 630
1784244770329 0.22960440814495087 631
1784244770340 0.31658610701560974 632
1784244770354 0.38280579447746277 633
1784244770367 0.26399487257003784 634
1784244770379 0.6642043590545654 635
1784244770392 0.3733063340187073 636
1784244770405 0.31778985261917114 637
1784244770419 0.4868820905685425 638
1784244770434 0.43613672256469727 639
1784244770448 0.3956739008426666 640
1784244770463 0.3158150613307953 641
1784244770478 0.3865775763988495 642
1784244770491 0.4368869662284851 643
1784244770506 0.3045203685760498 644
1784244770521 0.23026613891124725 645
1784244770534 0.24005304276943207 646
1784244770548 0.4149555265903473 647
1784244770561 0.27474862337112427 648
1784244770573 0.7784005403518677 649
1784244770586 0.26727256178855896 650
1784244770599 0.3640235662460327 651
1784244770614 0.28544121980667114 652
1784244770627 0.3832668662071228 653
1784244770641 0.27345335483551025 654
1784244770654 0.35070136189460754 655
1784244770667 0.32730987668037415 656
1784244770681 0.6128067374229431 657
1784244770695 0.2406536042690277 658
1784244770707 0.46795567870140076 659
1784244770720 0.55145663022995 660
1784244770731 0.31712019443511963 661
1784244770744 0.38391655683517456 662
1784244770757 0.41207626461982727 663
1784244770768 0.22946138679981232 664
1784244770782 0.29035109281539917 665
1784244770797 0.2614955008029938 666
1784244770812 0.315947949886322 667
1784244770828 0.228720024228096 668
1784244770843 0.14340023696422577 669
1784244770856 0.5714777708053589 670
1784244770875 0.3446694016456604 671
1784244770891 0.5310536623001099 672
1784244770913 0.37986981868743896 673
1784244770927 0.30063924193382263 674
1784244770938 0.37283194065093994 675
1784244770949 0.3883240818977356 676
1784244770966 0.31021517515182495 677
1784244770978 0.6395623087882996 678
1784244770989 0.25649046897888184 679
1784244771001 0.3303309977054596 680
1784244771014 0.7098114490509033 681
1784244771029 0.2940256893634796 682
1784244771040 0.34931835532188416 683
1784244771053 0.29588302969932556 684
1784244771066 0.5252043008804321 685
1784244771080 0.4303436279296875 686
1784244771092 0.46833622455596924 687
1784244771105 0.2906494438648224 688
1784244771117 0.2660479247570038 689
1784244771130 0.46441930532455444 690
1784244771142 0.3495729863643646 691
1784244771154 0.3945314288139343 692
1784244771168 0.5460283160209656 693
1784244771180 0.4635971188545227 694
1784244771192 0.3536880910396576 695
1784244771204 0.6577183604240417 696
1784244771218 0.45301252603530884 697
1784244771232 0.3529767096042633 698
1784244771246 0.24998734891414642 699
1784244771261 0.5405135750770569 700
1784244771275 0.1720997393131256 701
1784244771288 0.429758757352829 702
1784244771302 0.3358600437641144 703
1784244771315 0.5143250823020935 704
1784244771328 0.2415483444929123 705
1784244771340 0.36598750948905945 706
1784244771353 0.2786920964717865 707
1784244771364 0.42784154415130615 708
1784244771378 0.3468009829521179 709
1784244771392 0.20175844430923462 710
1784244771405 0.436981737613678 711
1784244771418 0.3062850534915924 712
1784244771432 0.3982163071632385 713
1784244771444 0.4330759048461914 714
1784244771456 0.5229523777961731 715
1784244771468 0.2891882658004761 716
1784244771482 0.43522945046424866 717
1784244771496 0.2643287181854248 718
1784244771509 0.33474886417388916 719
1784244771520 0.5108418464660645 720
1784244771541 0.7830682396888733 721
1784244771553 0.4246625006198883 722
1784244771566 0.35467228293418884 723
1784244771580 0.5285935401916504 724
1784244771594 0.4281873404979706 725
1784244771608 0.4789065718650818 726
1784244771627 0.2160550355911255 727
1784244771643 0.3288021385669708 728
1784244771656 0.10246183723211288 729
1784244771670 0.7973774075508118 730
1784244771686 0.37241074442863464 731
1784244771700 0.37547823786735535 732
1784244771715 0.27560901641845703 733
1784244771728 0.24626478552818298 734
1784244771742 0.15020523965358734 735
1784244771758 0.3132109045982361 736
1784244771771 0.18570683896541595 737
1784244771785 0.6824381351470947 738
1784244771799 0.20014655590057373 739
1784244771815 0.23272955417633057 740
1784244771829 0.6324048042297363 741
1784244771845 0.6076174974441528 742
1784244771861 0.3736887574195862 743
1784244771877 0.27427059412002563 744
1784244771891 0.6323845386505127 745
1784244771908 0.351708322763443 746
1784244771923 0.200903058052063 747
1784244771939 0.38949644565582275 748
1784244771953 0.35527926683425903 749
1784244771970 0.5679895281791687 750
1784244771985 0.2104048877954483 751
1784244772000 0.4406311810016632 752
1784244772014 0.4472835659980774 753
1784244772027 0.851009726524353 754
1784244772041 0.2858852744102478 755
1784244772052 0.2597109079360962 756
1784244772066 0.38484957814216614 757
1784244772078 0.5701284408569336 758
1784244772092 0.26919445395469666 759
1784244772103 0.35549697279930115 760
1784244772117 0.4980214238166809 761
1784244772129 0.11012277007102966 762
1784244772142 0.35126110911369324 763
1784244772155 0.33394867181777954 764
1784244772168 0.3491339385509491 765
1784244772181 0.369358628988266 766
1784244772195 1.1856508255004883 767
1784244772209 0.19297342002391815 768
1784244772219 0.37540557980537415 769
1784244772232 0.9359784722328186 770
1784244772246 0.4757809042930603 771
1784244772261 0.3374761641025543 772
1784244772274 0.12862594425678253 773
1784244772288 0.397244393825531 774
1784244772301 0.2597725987434387 775
1784244772315 0.5012360215187073 776
1784244772327 0.31110015511512756 777
1784244772338 0.1726575642824173 778
1784244772351 0.600865364074707 779
1784244772364 0.3647427260875702 780
1784244772375 0.38518452644348145 781
1784244772388 0.3498131334781647 782
1784244772402 0.3053920865058899 783
1784244772415 0.3773549497127533 784
1784244772428 0.4130682647228241 785
1784244772440 0.2583266496658325 786
1784244772450 0.4927559196949005 787
1784244772467 0.4909531772136688 788
1784244772480 0.1966741383075714 789
1784244772493 0.3048568069934845 790
1784244772506 0.1899857074022293 791
1784244772519 0.39166706800460815 792
1784244772532 0.4930676221847534 793
1784244772545 0.32592901587486267 794
1784244772557 0.4414021968841553 795
1784244772570 0.3345964252948761 796
1784244772584 0.22772882878780365 797
1784244772597 0.24839791655540466 798
1784244772610 0.1988854706287384 799
1784244772623 0.3528606593608856 800
1784244772637 0.3153834640979767 801
1784244772650 0.7212303280830383 802
1784244772664 0.20873482525348663 803
1784244772677 0.5289952754974365 804
1784244772688 0.340955913066864 805
1784244772701 0.5358273983001709 806
1784244772714 0.40464988350868225 807
1784244772728 0.39701634645462036 808
1784244772742 0.3388846218585968 809
1784244772757 0.17715363204479218 810
1784244772769 0.6716370582580566 811
1784244772782 0.29241278767585754 812
1784244772796 0.19462385773658752 813
1784244772810 0.366265207529068 814
1784244772823 0.525172233581543 815
1784244772835 0.6408703923225403 816
1784244772850 0.3314804434776306 817
1784244772865 0.502072811126709 818
1784244772876 0.231257364153862 819
1784244772889 0.5164891481399536 820
1784244772902 0.19311626255512238 821
1784244772917 0.3591404855251312 822
1784244772931 0.33453357219696045 823
1784244772947 0.5683606863021851 824
1784244772964 0.2273523360490799 825
1784244772987 0.18770712614059448 826
1784244772999 0.3735094368457794 827
1784244773010 0.6906415820121765 828
1784244773023 0.3917158842086792 829
1784244773036 0.3149976134300232 830
1784244773048 0.16862209141254425 831
1784244773064 0.4096883535385132 832
1784244773079 0.3549375534057617 833
1784244773093 0.3669130206108093 834
1784244773106 0.24649189412593842 835
1784244773118 0.41680145263671875 836
1784244773132 0.23961472511291504 837
1784244773145 0.45301103591918945 838
1784244773156 0.38150498270988464 839
1784244773168 0.24709650874137878 840
1784244773182 0.3538805842399597 841
1784244773196 0.4836574196815491 842
1784244773213 0.46023890376091003 843
1784244773229 0.37753093242645264 844
1784244773245 0.409083753824234 845
1784244773257 0.41700488328933716 846
1784244773269 0.4907902181148529 847
1784244773285 0.20726773142814636 848
1784244773302 0.6048411726951599 849
1784244773315 0.4150693714618683 850
1784244773330 0.35504409670829773 851
1784244773344 0.2641870379447937 852
1784244773362 0.5253551006317139 853
1784244773376 0.496012806892395 854
1784244773390 0.7196599841117859 855
1784244773403 0.2995050549507141 856
1784244773417 0.7751917243003845 857
1784244773432 0.21634718775749207 858
1784244773445 0.3868939280509949 859
1784244773459 0.46137964725494385 860
1784244773471 0.1854943186044693 861
1784244773483 0.3269850015640259 862
1784244773495 0.41530680656433105 863
1784244773509 0.46291089057922363 864
1784244773524 0.5348233580589294 865
1784244773541 0.6967177391052246 866
1784244773554 0.5806270837783813 867
1784244773568 0.4982036054134369 868
1784244773581 0.45621854066848755 869
1784244773594 0.24117040634155273 870
1784244773608 0.361250638961792 871
1784244773622 0.20305700600147247 872
1784244773637 0.3151306211948395 873
1784244773650 0.45683231949806213 874
1784244773661 0.6653444766998291 875
1784244773675 0.5190256237983704 876
1784244773689 0.15673522651195526 877
1784244773704 0.3706042468547821 878
1784244773718 0.4393428564071655 879
1784244773733 0.34170717000961304 880
1784244773746 0.5335729122161865 881
1784244773758 0.33989039063453674 882
1784244773770 0.36117953062057495 883
1784244773784 0.6795997619628906 884
1784244773796 0.294630765914917 885
1784244773809 0.17886726558208466 886
1784244773820 0.4654541313648224 887
1784244773832 0.44422677159309387 888
1784244773844 0.2750125229358673 889
1784244773857 0.3673724830150604 890
1784244773869 0.2768765985965729 891
1784244773881 0.4307348132133484 892
1784244773893 0.30796873569488525 893
1784244773906 0.35591983795166016 894
1784244773918 0.644901692867279 895
1784244773929 0.33765938878059387 896
1784244773940 0.6467460989952087 897
1784244773951 0.3547370731830597 898
1784244773964 0.31366264820098877 899
1784244773976 0.38017651438713074 900
1784244773987 0.13383063673973083 901
1784244774000 0.5031375885009766 902
1784244774011 0.447275310754776 903
1784244774023 0.33228012919425964 904
1784244774034 0.32329171895980835 905
1784244774047 0.2231227308511734 906
1784244774060 0.2769755721092224 907
1784244774078 0.36879175901412964 908
1784244774092 0.25055137276649475 909
1784244774107 0.284278005361557 910
1784244774120 0.4363846480846405 911
1784244774134 0.6260645389556885 912
1784244774148 0.31630343198776245 913
1784244774160 0.40076112747192383 914
1784244774173 0.3676888644695282 915
1784244774184 0.25777530670166016 916
1784244774197 0.6113415956497192 917
1784244774210 0.21925963461399078 918
1784244774223 0.3231496810913086 919
1784244774236 0.4330507218837738 920
1784244774250 0.2845628261566162 921
1784244774264 0.3681650757789612 922
1784244774277 0.643204927444458 923
1784244774289 0.6460065245628357 924
1784244774302 0.29932788014411926 925
1784244774315 0.2627410888671875 926
1784244774327 0.5683912634849548 927
1784244774339 0.3445356488227844 928
1784244774350 0.13059523701667786 929
1784244774363 0.40435919165611267 930
1784244774376 0.5223960876464844 931
1784244774388 0.33280718326568604 932
1784244774400 0.33453720808029175 933
1784244774413 0.13637800514698029 934
1784244774425 0.2537083923816681 935
1784244774437 0.48323023319244385 936
1784244774448 0.6021443605422974 937
1784244774460 0.24286261200904846 938
1784244774473 0.32034140825271606 939
1784244774486 0.44211864471435547 940
1784244774497 0.31244727969169617 941
1784244774510 0.3120897710323334 942
1784244774522 0.3165481984615326 943
1784244774534 0.39693471789360046 944
1784244774545 0.2755199074745178 945
1784244774556 0.48039495944976807 946
1784244774568 0.3492891490459442 947
1784244774581 0.2701387405395508 948
1784244774594 0.19517283141613007 949
1784244774606 0.4821104407310486 950
1784244774619 0.5357491374015808 951
1784244774632 0.19991454482078552 952
1784244774643 0.4069792926311493 953
1784244774654 0.3072204291820526 954
1784244774665 0.4607013463973999 955
1784244774677 0.09750771522521973 956
1784244774689 0.23213142156600952 957
1784244774702 0.3223262429237366 958
1784244774716 0.4174804091453552 959
1784244774727 0.40099871158599854 960
1784244774739 0.3213287591934204 961
1784244774751 0.3230782151222229 962
1784244774763 0.3169710338115692 963
1784244774777 0.2966703772544861 964
1784244774790 0.21619071066379547 965
1784244774802 0.49203696846961975 966
1784244774815 0.5043837428092957 967
1784244774827 0.5284634828567505 968
1784244774840 0.2274591326713562 969
1784244774851 0.3422034680843353 970
1784244774867 0.1355932354927063 971
1784244774879 0.3153451085090637 972
1784244774890 0.23633216321468353 973
1784244774900 0.44212016463279724 974
1784244774911 0.4885149896144867 975
1784244774924 0.4486943483352661 976
1784244774935 0.367825448513031 977
1784244774948 0.3593465983867645 978
1784244774961 0.1856275200843811 979
1784244774974 0.3838302195072174 980
1784244774984 0.18148404359817505 981
1784244774997 0.09692739695310593 982
1784244775009 0.40805408358573914 983
1784244775022 0.20925362408161163 984
1784244775066 0.15649542212486267 985
1784244775117 0.40120992064476013 986
1784244775131 0.4163879156112671 987
1784244775151 0.26053643226623535 988
1784244775162 0.3338014483451843 989
1784244775175 0.5117461085319519 990
1784244775187 0.3498927354812622 991
1784244775200 0.5825749039649963 992
1784244775213 1.142008662223816 993
1784244775226 0.32329604029655457 994
1784244775238 0.19083377718925476 995
1784244775250 0.5572803616523743 996
1784244775263 0.2405117154121399 997
1784244775278 0.11584261804819107 998
1784244775294 0.24532635509967804 999
1784244775310 0.4189395010471344 1000
1784244775324 0.22009676694869995 1001
1784244775340 0.49916455149650574 1002
1784244775355 0.2985304892063141 1003
1784244775368 0.8574858903884888 1004
1784244775383 0.3430795967578888 1005
1784244775396 0.38529831171035767 1006
1784244775409 0.5953097343444824 1007
1784244775421 0.17632630467414856 1008
1784244775435 0.1276702582836151 1009
1784244775448 0.45926281809806824 1010
1784244775461 0.1118188425898552 1011
1784244775475 0.2045893520116806 1012
1784244775489 0.22776873409748077 1013
1784244775502 0.21981015801429749 1014
1784244775514 0.2772582471370697 1015
1784244775527 0.45939743518829346 1016
1784244775540 0.6427013874053955 1017
1784244775550 0.31504905223846436 1018
1784244775563 0.33025074005126953 1019
1784244775574 0.21600046753883362 1020
1784244775586 0.18361224234104156 1021
1784244775599 0.2357233315706253 1022
1784244775611 0.13142068684101105 1023
1784244775621 0.32035425305366516 1024
1784244775633 0.2924168109893799 1025
1784244775644 0.3343508541584015 1026
1784244775656 0.33482134342193604 1027
1784244775670 0.4977878928184509 1028
1784244775683 0.37488576769828796 1029
1784244775696 0.24471046030521393 1030
1784244775711 0.36491647362709045 1031
1784244775722 0.4414725601673126 1032
1784244775734 0.2673346698284149 1033
1784244775748 0.17034603655338287 1034
1784244775760 0.4615790843963623 1035
1784244775772 0.7592447400093079 1036
1784244775785 0.5358352661132812 1037
1784244775799 0.23839332163333893 1038
1784244775810 0.5703040361404419 1039
1784244775820 0.24237628281116486 1040
1784244775832 0.5241730809211731 1041
1784244775843 0.5514547824859619 1042
1784244775855 0.2981419861316681 1043
1784244775866 0.49038589000701904 1044
1784244775878 0.23085039854049683 1045
1784244775891 0.15258514881134033 1046
1784244775903 0.7657074332237244 1047
1784244775914 0.21029718220233917 1048
1784244775927 0.18633140623569489 1049
1784244775937 0.7856859564781189 1050
1784244775948 0.859150230884552 1051
1784244775960 0.3150714933872223 1052
1784244775972 0.20922550559043884 1053
1784244775984 0.15704026818275452 1054
1784244775995 0.32976439595222473 1055
1784244776007 0.22220343351364136 1056
1784244776019 0.5140209197998047 1057
1784244776031 0.45463281869888306 1058
1784244776043 0.3673798441886902 1059
1784244776055 0.9497742652893066 1060
1784244776067 0.36163321137428284 1061
1784244776080 0.5511378049850464 1062
1784244776099 0.28761592507362366 1063
1784244776110 0.3882388770580292 1064
1784244776122 0.46473413705825806 1065
1784244776135 0.19531120359897614 1066
1784244776146 0.6183626055717468 1067
1784244776158 0.2831306457519531 1068
1784244776170 0.3255285620689392 1069
1784244776183 0.311223566532135 1070
1784244776196 0.2799944281578064 1071
1784244776209 0.4365174472332001 1072
1784244776221 0.20398782193660736 1073
1784244776233 0.23565933108329773 1074
1784244776245 0.16632795333862305 1075
1784244776259 0.13361001014709473 1076
1784244776271 0.3824760615825653 1077
1784244776284 0.3012678325176239 1078
1784244776296 0.3820737898349762 1079
1784244776310 0.43110108375549316 1080
1784244776322 0.8477446436882019 1081
1784244776334 0.5435682535171509 1082
1784244776346 0.47416990995407104 1083
1784244776359 0.43074119091033936 1084
1784244776371 0.26845791935920715 1085
1784244776384 0.67474365234375 1086
1784244776397 0.19085010886192322 1087
1784244776410 0.21878671646118164 1088
1784244776421 0.36315497756004333 1089
1784244776434 0.37524279952049255 1090
1784244776447 0.23611679673194885 1091
1784244776461 0.4708905518054962 1092
1784244776474 0.6748080849647522 1093
1784244776488 0.2050764262676239 1094
1784244776502 0.4244699478149414 1095
1784244776516 0.31730037927627563 1096
1784244776529 0.3047690987586975 1097
1784244776541 0.2803610861301422 1098
1784244776554 0.44029006361961365 1099
1784244776568 0.21763975918293 1100
1784244776581 0.364554226398468 1101
1784244776595 0.5320479869842529 1102
1784244776608 0.5021886825561523 1103
1784244776621 0.12668710947036743 1104
1784244776633 0.17101238667964935 1105
1784244776646 0.1911487579345703 1106
1784244776659 0.46767231822013855 1107
1784244776672 0.45516398549079895 1108
1784244776685 0.18587777018547058 1109
1784244776698 0.41435593366622925 1110
1784244776712 0.6586812138557434 1111
1784244776726 0.6472142934799194 1112
1784244776739 0.19682303071022034 1113
1784244776752 0.15647663176059723 1114
1784244776766 0.5547014474868774 1115
1784244776779 0.2703609764575958 1116
1784244776792 0.475683331489563 1117
1784244776805 0.38480252027511597 1118
1784244776820 0.15843679010868073 1119
1784244776833 0.08689232915639877 1120
1784244776847 0.3958403766155243 1121
1784244776860 0.4038463234901428 1122
1784244776872 0.22591817378997803 1123
1784244776884 0.48619118332862854 1124
1784244776897 0.5049722790718079 1125
1784244776911 0.30098477005958557 1126
1784244776925 0.15276625752449036 1127
1784244776936 0.29555457830429077 1128
1784244776948 0.14082610607147217 1129
1784244776961 0.2016899585723877 1130
1784244776973 0.3236587643623352 1131
1784244776984 0.37241384387016296 1132
1784244776998 0.24962088465690613 1133
1784244777008 0.19829212129116058 1134
1784244777020 0.28957244753837585 1135
1784244777032 0.5375615954399109 1136
1784244777044 0.43410757184028625 1137
1784244777058 0.39458996057510376 1138
1784244777069 0.22793549299240112 1139
1784244777082 0.3824045956134796 1140
1784244777093 0.15442223846912384 1141
1784244777106 0.1911734789609909 1142
1784244777117 0.45470955967903137 1143
1784244777127 0.40611109137535095 1144
1784244777138 0.3431221544742584 1145
1784244777151 0.16888688504695892 1146
1784244777163 0.3036233186721802 1147
1784244777175 0.26490557193756104 1148
1784244777188 0.5210038423538208 1149
1784244777201 0.10696637630462646 1150
1784244777214 0.1873496025800705 1151
1784244777225 0.18289513885974884 1152
1784244777235 0.9220794439315796 1153
1784244777246 0.3774625062942505 1154
1784244777259 0.21588349342346191 1155
1784244777270 0.2365020364522934 1156
1784244777283 0.30957886576652527 1157
1784244777295 0.1858624666929245 1158
1784244777307 0.28385716676712036 1159
1784244777320 0.49459338188171387 1160
1784244777334 0.2627421021461487 1161
1784244777346 0.17499983310699463 1162
1784244777358 0.3034135103225708 1163
1784244777370 0.2548145353794098 1164
1784244777381 0.29651501774787903 1165
1784244777392 0.2775491178035736 1166
1784244777406 0.35098764300346375 1167
1784244777418 0.09375365823507309 1168
1784244777430 0.22100241482257843 1169
1784244777441 0.3073161244392395 1170
1784244777454 0.22441917657852173 1171
1784244777467 0.30170196294784546 1172
1784244777480 0.1868334412574768 1173
1784244777492 0.3054308295249939 1174
1784244777506 0.1875705122947693 1175
1784244777521 0.21465489268302917 1176
1784244777539 0.368021160364151 1177
1784244777552 0.610641598701477 1178
1784244777567 0.37972497940063477 1179
1784244777581 0.5745086669921875 1180
1784244777593 0.17396864295005798 1181
1784244777606 0.37066197395324707 1182
1784244777618 0.42633679509162903 1183
1784244777631 0.36109375953674316 1184
1784244777641 0.5420292615890503 1185
1784244777653 0.46794044971466064 1186
1784244777665 0.6757082343101501 1187
1784244777677 0.21167778968811035 1188
1784244777689 0.5040067434310913 1189
1784244777701 0.2554086148738861 1190
1784244777715 0.5186188220977783 1191
1784244777727 0.6090046167373657 1192
1784244777739 0.4211289882659912 1193
1784244777752 0.16169030964374542 1194
1784244777764 0.4882645905017853 1195
1784244777777 0.46465161442756653 1196
1784244777790 0.3221276104450226 1197
1784244777802 0.4348636269569397 1198
1784244777814 0.19421589374542236 1199
1784244777828 0.3139135539531708 1200
1784244777840 0.4393760561943054 1201
1784244777850 0.3506298065185547 1202
1784244777864 0.22819818556308746 1203
1784244777876 0.5284963250160217 1204
1784244777888 0.49283719062805176 1205
1784244777901 0.23960715532302856 1206
1784244777914 0.4336951673030853 1207
1784244777925 0.3634912967681885 1208
1784244777934 0.24113322794437408 1209
1784244777946 0.20733222365379333 1210
1784244777958 0.33597785234451294 1211
1784244777969 0.5249890089035034 1212
1784244777982 0.42741408944129944 1213
1784244777995 0.6821518540382385 1214
1784244778007 0.4527295231819153 1215
1784244778020 0.16467152535915375 1216
1784244778031 0.28224048018455505 1217
1784244778045 0.18726427853107452 1218
1784244778057 0.6997165679931641 1219
1784244778067 0.35932695865631104 1220
1784244778078 0.6564592719078064 1221
1784244778089 0.2908104658126831 1222
1784244778101 0.7669228315353394 1223
1784244778127 0.4463927745819092 1224
1784244778139 0.3763189911842346 1225
1784244778150 0.27471724152565 1226
1784244778162 0.6992342472076416 1227
1784244778175 0.7132018804550171 1228
1784244778187 0.3147558867931366 1229
1784244778199 0.25788450241088867 1230
1784244778210 0.3950515389442444 1231
1784244778222 0.3778098225593567 1232
1784244778234 0.2595127522945404 1233
1784244778247 0.1749965399503708 1234
1784244778260 0.21804597973823547 1235
1784244778271 0.29246947169303894 1236
1784244778283 0.4607551097869873 1237
1784244778296 0.3551863729953766 1238
1784244778308 0.11453289538621902 1239
1784244778321 0.18050183355808258 1240
1784244778333 0.1744231879711151 1241
1784244778345 0.3230942189693451 1242
1784244778358 0.24896401166915894 1243
1784244778373 0.2766959071159363 1244
1784244778387 0.26364952325820923 1245
1784244778400 0.3607127070426941 1246
1784244778413 0.3015897870063782 1247
1784244778427 0.31949418783187866 1248
1784244778437 0.708430290222168 1249
1784244778448 0.4449325501918793 1250
1784244778462 0.17177827656269073 1251
1784244778475 1.0004926919937134 1252
1784244778487 0.27489379048347473 1253
1784244778500 0.5613595843315125 1254
1784244778514 0.353977233171463 1255
1784244778525 0.3632981479167938 1256
1784244778539 0.2369089275598526 1257
1784244778551 0.2852684259414673 1258
1784244778565 0.20230218768119812 1259
1784244778578 0.31714746356010437 1260
1784244778590 0.3008466958999634 1261
1784244778604 0.49065330624580383 1262
1784244778617 0.2707579433917999 1263
1784244778630 0.359125018119812 1264
1784244778642 0.529274582862854 1265
1784244778656 0.39165937900543213 1266
1784244778669 0.41098690032958984 1267
1784244778684 0.2910109758377075 1268
1784244778696 0.3117583990097046 1269
1784244778710 0.42064839601516724 1270
1784244778722 0.40287572145462036 1271
1784244778735 0.11062393337488174 1272
1784244778748 0.2419281303882599 1273
1784244778761 0.17482063174247742 1274
1784244778774 0.20439419150352478 1275
1784244778787 0.6753135919570923 1276
1784244778800 0.6568158268928528 1277
1784244778813 0.4602137804031372 1278
1784244778826 0.3245377242565155 1279
1784244778837 0.2327904999256134 1280
1784244778851 0.38579869270324707 1281
1784244778864 0.21605607867240906 1282
1784244778876 0.36160582304000854 1283
1784244778888 0.2056775987148285 1284
1784244778902 0.4261889159679413 1285
1784244778915 0.26841872930526733 1286
1784244778926 0.6993097066879272 1287
1784244778938 0.2802273631095886 1288
1784244778950 0.3845857083797455 1289
1784244778963 0.09263931214809418 1290
1784244778975 0.3384604752063751 1291
1784244778987 0.22085392475128174 1292
1784244779000 0.3614341616630554 1293
1784244779012 0.24166123569011688 1294
1784244779024 0.2833547592163086 1295
1784244779036 0.24422241747379303 1296
1784244779047 0.40303751826286316 1297
1784244779061 0.39227962493896484 1298
1784244779073 0.5775180459022522 1299
1784244779084 0.2680297791957855 1300
1784244779096 0.43734100461006165 1301
1784244779109 0.47419223189353943 1302
1784244779120 0.46562665700912476 1303
1784244779131 0.19901011884212494 1304
1784244779144 0.05763969197869301 1305
1784244779156 0.343745619058609 1306
1784244779168 0.5393984317779541 1307
1784244779181 0.1390685886144638 1308
1784244779194 0.16441144049167633 1309
1784244779206 0.747089147567749 1310
1784244779218 0.2025713175535202 1311
1784244779229 0.20604315400123596 1312
1784244779242 0.29161563515663147 1313
1784244779253 0.28687235713005066 1314
1784244779266 0.24174930155277252 1315
1784244779278 0.5746121406555176 1316
1784244779291 0.3030638098716736 1317
1784244779302 0.36767733097076416 1318
1784244779315 0.5362384915351868 1319
1784244779328 0.13245496153831482 1320
1784244779341 0.24569500982761383 1321
1784244779354 0.5541625618934631 1322
1784244779367 0.6180947422981262 1323
1784244779380 0.17074304819107056 1324
1784244779392 0.4204774498939514 1325
1784244779403 0.43788373470306396 1326
1784244779415 0.3567391335964203 1327
1784244779428 0.6064456105232239 1328
1784244779440 0.30319252610206604 1329
1784244779451 0.21125002205371857 1330
1784244779464 0.3702138364315033 1331
1784244779476 0.15016572177410126 1332
1784244779488 0.6255537271499634 1333
1784244779500 0.2512328624725342 1334
1784244779512 0.49133816361427307 1335
1784244779525 0.31364986300468445 1336
1784244779536 0.4538794159889221 1337
1784244779548 0.4822332262992859 1338
1784244779560 0.44576919078826904 1339
1784244779571 0.23070749640464783 1340
1784244779583 0.36731651425361633 1341
1784244779596 0.3691330552101135 1342
1784244779609 0.18306860327720642 1343
1784244779618 0.36464864015579224 1344
1784244779630 0.29397040605545044 1345
1784244779642 0.20639970898628235 1346
1784244779655 0.43239790201187134 1347
1784244779665 0.29762423038482666 1348
1784244779676 0.16173163056373596 1349
1784244779689 0.2736758887767792 1350
1784244779701 0.10693378001451492 1351
1784244779714 0.5750513076782227 1352
1784244779728 0.3496917188167572 1353
1784244779743 0.5016627311706543 1354
1784244779758 0.2515747845172882 1355
1784244779771 0.2788298726081848 1356
1784244779787 0.5344981551170349 1357
1784244779800 0.39769086241722107 1358
1784244779814 0.6437994837760925 1359
1784244779827 0.22946514189243317 1360
1784244779841 0.13866594433784485 1361
1784244779852 0.2764025628566742 1362
1784244779865 0.13781039416790009 1363
1784244779879 0.3250058591365814 1364
1784244779891 0.16730327904224396 1365
1784244779902 0.7622596621513367 1366
1784244779915 0.41493740677833557 1367
1784244779928 0.4892227351665497 1368
1784244779942 0.15348707139492035 1369
1784244779954 0.23019824922084808 1370
1784244779966 0.23364710807800293 1371
1784244779979 0.405985027551651 1372
1784244779992 0.30108484625816345 1373
1784244780003 0.2984834313392639 1374
1784244780018 0.5053228735923767 1375
1784244780031 0.4945630431175232 1376
1784244780046 0.22822518646717072 1377
1784244780060 0.21311736106872559 1378
1784244780074 0.5490692257881165 1379
1784244780085 0.13051342964172363 1380
1784244780098 0.6539016366004944 1381
1784244780112 0.3580237925052643 1382
1784244780125 0.3024260103702545 1383
1784244780139 0.151092991232872 1384
1784244780152 0.4778793454170227 1385
1784244780165 0.21095962822437286 1386
1784244780178 0.21797116100788116 1387
1784244780191 0.18973831832408905 1388
1784244780201 0.33906063437461853 1389
1784244780212 0.33327820897102356 1390
1784244780225 0.3319021463394165 1391
1784244780236 0.425468772649765 1392
1784244780249 0.2973717451095581 1393
1784244780263 0.27053338289260864 1394
1784244780276 0.06874220073223114 1395
1784244780289 0.39825189113616943 1396
1784244780301 0.40182924270629883 1397
1784244780314 0.13899067044258118 1398
1784244780326 0.30252593755722046 1399
1784244780336 0.423101544380188 1400
1784244780348 0.21131235361099243 1401
1784244780360 0.22997219860553741 1402
1784244780373 0.3666978180408478 1403
1784244780386 0.23889632523059845 1404
1784244780399 0.24136969447135925 1405
1784244780411 0.5631851553916931 1406
1784244780424 0.1592686027288437 1407
1784244780433 0.08856474608182907 1408
1784244780446 0.29386264085769653 1409
1784244780458 0.20174089074134827 1410
1784244780470 0.405332088470459 1411
1784244780483 0.33526408672332764 1412
1784244780494 0.4583967924118042 1413
1784244780507 0.3353550434112549 1414
1784244780521 0.758899986743927 1415
1784244780533 0.33396971225738525 1416
1784244780545 0.14692796766757965 1417
1784244780557 0.27212217450141907 1418
1784244780569 0.26160699129104614 1419
1784244780582 0.35211503505706787 1420
1784244780594 0.24303555488586426 1421
1784244780606 0.2092873752117157 1422
1784244780618 0.32121580839157104 1423
1784244780631 0.23656892776489258 1424
1784244780643 0.2931061387062073 1425
1784244780656 0.5244197845458984 1426
1784244780668 0.17036192119121552 1427
1784244780681 0.3711016774177551 1428
1784244780694 0.2983962595462799 1429
1784244780706 0.5827817916870117 1430
1784244780716 0.4234811067581177 1431
1784244780726 0.4863133430480957 1432
1784244780737 0.35023435950279236 1433
1784244780750 0.5417550802230835 1434
1784244780764 0.4423874020576477 1435
1784244780775 0.3243546783924103 1436
1784244780785 0.581825315952301 1437
1784244780796 0.28984010219573975 1438
1784244780808 0.13629299402236938 1439
1784244780818 0.3637220859527588 1440
1784244780831 0.31688228249549866 1441
1784244780843 0.285702645778656 1442
1784244780855 0.3608032763004303 1443
1784244780866 0.23300640285015106 1444
1784244780879 0.2971075773239136 1445
1784244780891 0.5921744704246521 1446
1784244780904 0.474822074174881 1447
1784244780917 0.1257353276014328 1448
1784244780929 0.5931406021118164 1449
1784244780941 0.4121914207935333 1450
1784244780953 0.1984545886516571 1451
1784244780966 0.8335555791854858 1452
1784244780979 0.39952877163887024 1453
1784244780991 0.27297326922416687 1454
1784244781001 0.2725861072540283 1455
1784244781012 0.12956564128398895 1456
1784244781023 0.44693347811698914 1457
1784244781035 0.17780327796936035 1458
1784244781047 0.13378065824508667 1459
1784244781058 0.5707220435142517 1460
1784244781075 0.12791964411735535 1461
1784244781086 0.20523668825626373 1462
1784244781099 0.3568838834762573 1463
1784244781112 0.43219730257987976 1464
1784244781124 0.2810063660144806 1465
1784244781136 0.44877198338508606 1466
1784244781148 0.292746365070343 1467
1784244781160 0.37768450379371643 1468
1784244781172 0.6324050426483154 1469
1784244781184 0.619600772857666 1470
1784244781196 0.26021984219551086 1471
1784244781207 0.4614151120185852 1472
1784244781217 0.21909451484680176 1473
1784244781227 0.5050712823867798 1474
1784244781238 0.4052850902080536 1475
1784244781249 0.501628577709198 1476
1784244781261 0.874824047088623 1477
1784244781273 0.09449918568134308 1478
1784244781285 0.3929949700832367 1479
1784244781298 0.23486751317977905 1480
1784244781310 0.542044460773468 1481
1784244781322 0.46281152963638306 1482
1784244781334 0.19250136613845825 1483
1784244781345 0.5603388547897339 1484
1784244781359 0.24963679909706116 1485
1784244781371 0.25808483362197876 1486
1784244781384 0.3801981210708618 1487
1784244781398 0.42889225482940674 1488
1784244781414 0.23992787301540375 1489
1784244781426 0.2959485650062561 1490
1784244781439 0.5386291146278381 1491
1784244781451 0.1847018003463745 1492
1784244781465 0.5064540505409241 1493
1784244781477 0.6287409067153931 1494
1784244781490 0.07210011780261993 1495
1784244781501 0.21962834894657135 1496
1784244781517 0.32054781913757324 1497
1784244781531 0.21179696917533875 1498
1784244781547 0.27752211689949036 1499
1784244781572 0.3538389801979065 1500
1784244781682 0.7428415417671204 1501
1784244781698 0.48739466071128845 1502
1784244781720 0.21852585673332214 1503
1784244781733 0.18320296704769135 1504
1784244781748 0.25960034132003784 1505
1784244781763 0.36187776923179626 1506
1784244781778 0.4743058979511261 1507
1784244781797 0.1349661499261856 1508
1784244781815 0.40908756852149963 1509
1784244781832 0.35860127210617065 1510
1784244781850 0.36402609944343567 1511
1784244781869 0.4056677222251892 1512
1784244781887 0.12472919374704361 1513
1784244781903 0.3155294954776764 1514
1784244781921 0.32384946942329407 1515
1784244781936 0.28972434997558594 1516
1784244781954 0.30969470739364624 1517
1784244781971 0.30605629086494446 1518
1784244781986 0.37879741191864014 1519
1784244782002 0.6227694749832153 1520
1784244782018 0.23315416276454926 1521
1784244782035 0.5046684741973877 1522
1784244782057 0.36404183506965637 1523
1784244782077 0.19388312101364136 1524
1784244782095 0.2844007611274719 1525
1784244782109 0.3063240051269531 1526
1784244782123 0.25491881370544434 1527
1784244782136 0.35782933235168457 1528
1784244782152 0.15915118157863617 1529
1784244782167 0.10037928074598312 1530
1784244782182 0.3854963183403015 1531
1784244782197 0.4429611563682556 1532
1784244782212 0.07921800017356873 1533
1784244782227 0.46946313977241516 1534
1784244782244 0.6090609431266785 1535
1784244782258 0.34008461236953735 1536
1784244782275 0.2743665277957916 1537
1784244782289 0.30927959084510803 1538
1784244782302 0.07836491614580154 1539
1784244782316 0.13057906925678253 1540
1784244782329 0.2915661334991455 1541
1784244782343 0.40088385343551636 1542
1784244782358 0.35631293058395386 1543
1784244782372 0.20627692341804504 1544
1784244782387 0.3177289366722107 1545
1784244782401 0.49018776416778564 1546
1784244782415 0.8742366433143616 1547
1784244782428 0.5038891434669495 1548
1784244782441 0.5630300045013428 1549
1784244782455 0.12675130367279053 1550
1784244782468 0.6190412640571594 1551
1784244782483 0.18125632405281067 1552
1784244782498 0.230511873960495 1553
1784244782515 0.28790780901908875 1554
1784244782531 0.564026951789856 1555
1784244782547 0.18375355005264282 1556
1784244782561 0.32688066363334656 1557
1784244782574 0.4425652325153351 1558
1784244782585 0.3144090473651886 1559
1784244782600 0.19110402464866638 1560
1784244782613 0.5365278124809265 1561
1784244782627 0.43754804134368896 1562
1784244782640 0.28670358657836914 1563
1784244782654 0.1746480017900467 1564
1784244782667 0.3197549283504486 1565
1784244782681 0.5569128394126892 1566
1784244782694 0.36232829093933105 1567
1784244782708 0.5026361346244812 1568
1784244782723 0.3657602071762085 1569
1784244782736 0.13056199252605438 1570
1784244782749 0.35775279998779297 1571
1784244782765 0.2392297238111496 1572
1784244782779 0.31771647930145264 1573
1784244782793 0.21742406487464905 1574
1784244782807 0.12961386144161224 1575
1784244782822 0.23140132427215576 1576
1784244782834 0.512722373008728 1577
1784244782850 0.5253991484642029 1578
1784244782864 0.46779245138168335 1579
1784244782878 0.18396878242492676 1580
1784244782896 0.21180611848831177 1581
1784244782914 0.3281797170639038 1582
1784244782929 0.30007630586624146 1583
1784244782944 0.3927607834339142 1584
1784244782959 0.5086492300033569 1585
1784244782974 0.4941232204437256 1586
1784244782991 0.3678228557109833 1587
1784244783001 0.25312289595603943 1588
1784244783014 0.43537041544914246 1589
1784244783027 0.46059688925743103 1590
1784244783039 0.6415090560913086 1591
1784244783053 0.3648450970649719 1592
1784244783066 0.38393542170524597 1593
1784244783078 0.44109395146369934 1594
1784244783091 0.54844731092453 1595
1784244783102 0.2838265001773834 1596
1784244783114 0.3127962052822113 1597
1784244783126 0.2858099341392517 1598
1784244783137 0.11845681816339493 1599
1784244783150 0.31950998306274414 1600
1784244783162 0.1943759024143219 1601
1784244783174 0.2289724051952362 1602
1784244783187 0.2732563018798828 1603
1784244783199 0.22097666561603546 1604
1784244783211 0.38686805963516235 1605
1784244783224 0.7940192818641663 1606
1784244783235 0.31466424465179443 1607
1784244783247 0.17042328417301178 1608
1784244783260 0.3534528911113739 1609
1784244783271 0.28734034299850464 1610
1784244783283 0.5081588625907898 1611
1784244783294 0.4019564390182495 1612
1784244783307 0.24721373617649078 1613
1784244783319 0.5478540658950806 1614
1784244783332 0.2870389521121979 1615
1784244783343 0.366458535194397 1616
1784244783355 0.417645663022995 1617
1784244783367 0.14074937999248505 1618
1784244783381 0.1932430863380432 1619
1784244783394 0.4352891445159912 1620
1784244783407 0.38643765449523926 1621
1784244783418 0.4304424822330475 1622
1784244783431 0.4172505736351013 1623
1784244783443 0.3080054819583893 1624
1784244783456 0.4122495651245117 1625
1784244783467 0.34723398089408875 1626
1784244783480 0.12445513159036636 1627
1784244783493 0.3094649612903595 1628
1784244783506 0.4409623444080353 1629
1784244783518 0.45184290409088135 1630
1784244783530 0.38313746452331543 1631
1784244783542 0.4395364820957184 1632
1784244783554 0.44611528515815735 1633
1784244783566 0.3832099735736847 1634
1784244783580 0.23420792818069458 1635
1784244783594 0.2721555233001709 1636
1784244783607 0.7833014726638794 1637
1784244783617 0.3412131369113922 1638
1784244783629 0.4307795763015747 1639
1784244783641 0.25394323468208313 1640
1784244783653 0.22355127334594727 1641
1784244783666 0.09640882909297943 1642
1784244783678 0.513866126537323 1643
1784244783689 0.13705410063266754 1644
1784244783699 0.16317880153656006 1645
1784244783714 0.17988091707229614 1646
1784244783726 0.2377549111843109 1647
1784244783738 0.19394011795520782 1648
1784244783752 0.20842626690864563 1649
1784244783764 0.15963870286941528 1650
1784244783778 0.34040966629981995 1651
1784244783790 0.1980484426021576 1652
1784244783803 0.1802441030740738 1653
1784244783816 0.5004792213439941 1654
1784244783827 0.285105437040329 1655
1784244783840 0.581455647945404 1656
1784244783851 0.34137940406799316 1657
1784244783864 0.32133030891418457 1658
1784244783877 0.2547914981842041 1659
1784244783890 0.10184165835380554 1660
1784244783902 0.264378160238266 1661
1784244783914 0.29753464460372925 1662
1784244783926 0.35825425386428833 1663
1784244783937 0.13112697005271912 1664
1784244783949 0.3860248029232025 1665
1784244783962 0.29469043016433716 1666
1784244783974 0.24435317516326904 1667
1784244783985 0.509272038936615 1668
1784244783998 0.35411494970321655 1669
1784244784011 0.3337116539478302 1670
1784244784023 0.3409997224807739 1671
1784244784035 0.5687113404273987 1672
1784244784047 0.3518363833427429 1673
1784244784060 0.6188877820968628 1674
1784244784071 0.5267304182052612 1675
1784244784083 0.29990628361701965 1676
1784244784094 0.4348836839199066 1677
1784244784105 0.21104946732521057 1678
1784244784115 0.47702157497406006 1679
1784244784126 0.24172243475914001 1680
1784244784137 0.27839264273643494 1681
1784244784148 0.3200075030326843 1682
1784244784159 0.31256991624832153 1683
1784244784170 0.5109347105026245 1684
1784244784182 0.38607412576675415 1685
1784244784195 0.1303834319114685 1686
1784244784206 0.321230947971344 1687
1784244784226 0.19749116897583008 1688
1784244784247 0.19893795251846313 1689
1784244784261 0.3162234425544739 1690
1784244784275 0.2589741051197052 1691
1784244784289 0.18076147139072418 1692
1784244784302 0.07287078350782394 1693
1784244784316 0.4641872048377991 1694
1784244784328 0.0920460969209671 1695
1784244784340 0.12256944924592972 1696
1784244784352 0.4539530575275421 1697
1784244784365 0.26946309208869934 1698
1784244784377 0.4295820891857147 1699
1784244784389 0.38701122999191284 1700
1784244784400 0.38796117901802063 1701
1784244784411 0.5242103338241577 1702
1784244784425 0.6525700688362122 1703
1784244784437 0.527229368686676 1704
1784244784451 0.2543126344680786 1705
1784244784467 0.21978241205215454 1706
1784244784482 0.39894503355026245 1707
1784244784494 0.4364052414894104 1708
1784244784507 0.36315909028053284 1709
1784244784521 0.4631885290145874 1710
1784244784533 0.21174168586730957 1711
1784244784547 0.4446013867855072 1712
1784244784559 0.40044742822647095 1713
1784244784571 0.37000295519828796 1714
1784244784582 0.38936468958854675 1715
1784244784596 0.2678488790988922 1716
1784244784607 0.41903483867645264 1717
1784244784619 0.4715479612350464 1718
1784244784631 0.12278591096401215 1719
1784244784645 0.20059767365455627 1720
1784244784658 0.3419553339481354 1721
1784244784670 0.31264275312423706 1722
1784244784684 0.1321462243795395 1723
1784244784697 0.7611701488494873 1724
1784244784708 0.4716810882091522 1725
1784244784721 0.3199939429759979 1726
1784244784734 0.28267204761505127 1727
1784244784747 0.39344698190689087 1728
1784244784760 0.22341373562812805 1729
1784244784772 0.2698350250720978 1730
1784244784785 0.12821315228939056 1731
1784244784796 0.3360936939716339 1732
1784244784807 0.3430159389972687 1733
1784244784823 0.44914156198501587 1734
1784244784833 0.14607691764831543 1735
1784244784846 0.3431338667869568 1736
1784244784858 0.22182194888591766 1737
1784244784873 0.21755294501781464 1738
1784244784888 0.5363175272941589 1739
1784244784899 0.2133266180753708 1740
1784244784911 0.07334062457084656 1741
1784244784922 0.27186501026153564 1742
1784244784934 0.6073480844497681 1743
1784244784946 0.1801632195711136 1744
1784244784957 0.3340524137020111 1745
1784244784970 0.47912344336509705 1746
1784244784982 0.3152400851249695 1747
1784244784995 0.34464606642723083 1748
1784244785007 0.14372707903385162 1749
1784244785018 0.29073262214660645 1750
1784244785030 0.2932397425174713 1751
1784244785041 0.4693390429019928 1752
1784244785054 0.4143633246421814 1753
1784244785066 0.3254830539226532 1754
1784244785078 0.3649536073207855 1755
1784244785090 0.25268855690956116 1756
1784244785102 0.3303430378437042 1757
1784244785113 0.3214561343193054 1758
1784244785124 0.20185507833957672 1759
1784244785135 0.19549345970153809 1760
1784244785146 0.3394223153591156 1761
1784244785159 0.36281493306159973 1762
1784244785173 0.2585957944393158 1763
1784244785184 0.2628205716609955 1764
1784244785196 0.15686939656734467 1765
1784244785208 0.3791966140270233 1766
1784244785220 0.328323096036911 1767
1784244785232 0.36702242493629456 1768
1784244785244 0.5839271545410156 1769
1784244785257 0.49072518944740295 1770
1784244785270 0.22110986709594727 1771
1784244785284 0.20817315578460693 1772
1784244785296 0.8217006921768188 1773
1784244785308 0.20455987751483917 1774
1784244785320 0.26475346088409424 1775
1784244785331 0.2409171313047409 1776
1784244785342 0.2635968029499054 1777
1784244785354 0.35888463258743286 1778
1784244785365 0.37990182638168335 1779
1784244785379 0.5892173051834106 1780
1784244785391 0.24487639963626862 1781
1784244785403 0.36999788880348206 1782
1784244785415 0.13511113822460175 1783
1784244785427 0.737774133682251 1784
1784244785440 0.27228114008903503 1785
1784244785452 0.12167807668447495 1786
1784244785464 0.2314196676015854 1787
1784244785475 0.49801862239837646 1788
1784244785488 0.33839747309684753 1789
1784244785499 0.6827031970024109 1790
1784244785511 0.2225828617811203 1791
1784244785524 0.33249109983444214 1792
1784244785535 0.2134770005941391 1793
1784244785547 0.3990447521209717 1794
1784244785559 0.45593148469924927 1795
1784244785573 0.5701914429664612 1796
1784244785586 0.2715175151824951 1797
1784244785599 0.16672329604625702 1798
1784244785614 0.2682458460330963 1799
1784244785626 0.19485260546207428 1800
1784244785638 0.1622573733329773 1801
1784244785650 0.2963187098503113 1802
1784244785662 0.23650333285331726 1803
1784244785675 0.9473163485527039 1804
1784244785686 0.3174956738948822 1805
1784244785699 0.3241721987724304 1806
1784244785712 0.906949520111084 1807
1784244785724 0.28944727778434753 1808
1784244785735 0.19293004274368286 1809
1784244785747 0.5601255297660828 1810
1784244785760 0.4326312243938446 1811
1784244785773 0.22311432659626007 1812
1784244785784 0.3053014576435089 1813
1784244785796 0.2792505621910095 1814
1784244785808 0.5217189192771912 1815
1784244785820 0.5543743371963501 1816
1784244785831 0.31753435730934143 1817
1784244785844 0.2934059500694275 1818
1784244785856 0.17546440660953522 1819
1784244785868 0.5484654307365417 1820
1784244785880 0.9206203818321228 1821
1784244785893 0.33252647519111633 1822
1784244785906 0.5637624263763428 1823
1784244785917 0.21691127121448517 1824
1784244785929 0.41871944069862366 1825
1784244785942 0.5422308444976807 1826
1784244785954 0.27996569871902466 1827
1784244785966 0.2822842299938202 1828
1784244785979 0.1308053582906723 1829
1784244785991 0.23074838519096375 1830
1784244786003 0.18552613258361816 1831
1784244786015 0.29598334431648254 1832
1784244786027 0.15966607630252838 1833
1784244786040 0.6257258057594299 1834
1784244786051 0.4300950765609741 1835
1784244786064 0.20857523381710052 1836
1784244786077 0.4087860882282257 1837
1784244786089 0.31422844529151917 1838
1784244786101 0.16024264693260193 1839
1784244786112 0.4107089936733246 1840
1784244786124 0.3190882205963135 1841
1784244786136 0.6070677042007446 1842
1784244786149 0.26136451959609985 1843
1784244786161 0.2995116412639618 1844
1784244786190 0.3916984498500824 1845
1784244786202 0.3160340487957001 1846
1784244786215 0.12213630229234695 1847
1784244786227 0.3258448839187622 1848
1784244786238 0.2716120779514313 1849
1784244786252 0.3082059323787689 1850
1784244786267 0.3482367694377899 1851
1784244786280 0.30986109375953674 1852
1784244786292 0.5622797012329102 1853
1784244786304 0.4313950538635254 1854
1784244786315 0.33622950315475464 1855
1784244786327 0.25036659836769104 1856
1784244786339 0.462423712015152 1857
1784244786351 0.5780393481254578 1858
1784244786364 0.48053690791130066 1859
1784244786377 0.40109163522720337 1860
1784244786391 0.4857621192932129 1861
1784244786402 0.5021584033966064 1862
1784244786415 0.13984419405460358 1863
1784244786428 0.42155858874320984 1864
1784244786443 0.26652252674102783 1865
1784244786459 0.21456384658813477 1866
1784244786475 0.14399376511573792 1867
1784244786490 0.4850457012653351 1868
1784244786506 0.10712742060422897 1869
1784244786522 0.2139369696378708 1870
1784244786536 0.46139809489250183 1871
1784244786552 0.3522961139678955 1872
1784244786565 0.3209307789802551 1873
1784244786578 0.32386910915374756 1874
