1784238031922 0.429966749423436 0
1784238056975 0.3257288485926899 1
1784238081994 0.31109830815328143 2
1784238107255 0.30363643790222195 3
1784238132346 0.2993968678577668 4
1784238157722 0.29732369442224876 5
1784238182968 0.29303443651142397 6
1784238208029 0.29097090240164386 7
1784238233193 0.2878789012257799 8
1784238258352 0.28791628512983947 9
1784238283491 0.28417298956560527 10
1784238309031 0.2842581654006977 11
1784238334342 0.28177740132062357 12
1784238359276 0.2824237376078802 13
1784238384219 0.2806113935962255 14
1784238413864 0.2804574013307634 15
1784238440416 0.27762207989842647 16
1784238467069 0.2491525974757099 17
1784238492168 0.24690403297610528 18
1784238517985 0.24627833790747108 19
1784238543870 0.24583024128047648 20
1784238571845 0.24571686946121934 21
1784238597570 0.24550489208467996 22
1784238627188 0.24553562410839577 23
1784238658317 0.2452111475981112 24
1784238689123 0.24523520342775526 25
1784238719457 0.24499707582064936 26
1784238750004 0.24510257447827272 27
1784238779712 0.24520313516426442 28
1784238811085 0.24486501331298094 29
1784238840311 0.24475096193520826 30
1784238870422 0.24452568620809637 31
1784238902953 0.24471135550209505 32
1784238936014 0.2446418248888717 33
1784238967480 0.24471693012981235 34
1784239001895 0.2443100512223327 35
1784239034766 0.24453019217817704 36
1784239068909 0.24422652698426328 37
1784239100492 0.24427312873471635 38
1784239130092 0.24434872836936333 39
1784239159516 0.2440602740254896 40
1784239190247 0.2442565978762395 41
1784239219863 0.24410235879887093 42
1784239253545 0.2439884444809855 43
1784239284190 0.24391938094068616 44
1784239315804 0.24390777689386461 45
1784239350908 0.24385060138373657 46
1784239383958 0.24366923075188382 47
1784239415386 0.24400801981259387 48
1784239444951 0.2437943027314456 49
1784239478581 0.243284456783229 50
1784239515323 0.24367246137230775 51
1784239545679 0.24361124262580489 52
1784239580505 0.24347855029870355 53
1784239617624 0.2432356203225197 54
1784239651596 0.24339317387908033 55
1784239685106 0.24331809292305878 56
1784239716728 0.24325322465766872 57
1784239747843 0.24316807866662196 58
1784239777662 0.24280044439404855 59
1784239807272 0.24309088382491958 60
1784239837092 0.24298875590532568 61
1784239866707 0.24305092346439278 62
1784239896030 0.2429094798661231 63
1784239925842 0.24296060260007343 64
1784239954954 0.24324762241710632 65
1784239984921 0.24275865493585339 66
1784240014468 0.24286102750867225 67
1784240043880 0.2427627090788848 68
1784240073430 0.23925759837996513 69
1784240102933 0.23917754746945297 70
1784240131640 0.239189774016257 71
1784240160609 0.23918427114756496 72
1784240189796 0.23908750522009176 73
1784240219076 0.23913602946074422 74
1784240248960 0.2391691129780968 75
1784240277915 0.23909086382162215 76
1784240306578 0.23912408288589737 77
1784240335648 0.23906731362215333 78
1784240364237 0.2391374367274008 79
1784240393437 0.2387957886563917 80
1784240422422 0.2387164569106881 81
1784240451492 0.23870072040231874 82
1784240480212 0.23869637386373532 83
1784240509484 0.23870354295245655 84
1784240538182 0.23869413639477743 85
1784240567626 0.23869457560650362 86
1784240597045 0.23869832629732143 87
1784240626254 0.23869482812555484 88
1784240656056 0.23869129864446179 89
1784240685175 0.23868797934524075 90
1784240714559 0.23864331075620532 91
1784240744058 0.23864235154660424 92
1784240773021 0.23864114797981462 93
1784240802005 0.23864074384045483 94
1784240831255 0.23864023861559117 95
1784240860242 0.23863967974456035 96
1784240890983 0.23863968851141018 97
1784240924234 0.23863966169031345 98
1784240958502 0.2386389626629341 99
