1784238031944 0.8760833333331873 0
1784238056984 0.9054999999998491 1
1784238082004 0.9097333333331817 2
1784238107267 0.912749999999848 3
1784238132355 0.9144166666665143 4
1784238157733 0.9149999999998475 5
1784238182977 0.9162499999998474 6
1784238208038 0.9175333333331804 7
1784238233207 0.9179833333331804 8
1784238258363 0.9178499999998471 9
1784238283500 0.9191499999998468 10
1784238309041 0.918399999999847 11
1784238334352 0.92033333333318 12
1784238359285 0.9201666666665134 13
1784238384229 0.92033333333318 14
1784238413876 0.9200499999998467 15
1784238440428 0.9210999999998465 16
1784238467078 0.9316499999998448 17
1784238492184 0.9317333333331781 18
1784238517995 0.9320666666665114 19
1784238543892 0.9323999999998447 20
1784238571858 0.9327499999998445 21
1784238597583 0.9330499999998445 22
1784238627204 0.9325999999998447 23
1784238658329 0.9323499999998447 24
1784238689134 0.9321666666665114 25
1784238719471 0.9325666666665113 26
1784238750019 0.9325666666665113 27
1784238779725 0.9329333333331778 28
1784238811102 0.9325999999998447 29
1784238840326 0.932333333333178 30
1784238870434 0.9325999999998447 31
1784238902966 0.932433333333178 32
1784238936028 0.9324499999998447 33
1784238967493 0.9319999999998447 34
1784239001916 0.9325999999998447 35
1784239034776 0.9325166666665113 36
1784239068921 0.9327333333331779 37
1784239100507 0.9320499999998447 38
1784239130110 0.9322166666665114 39
1784239159529 0.932383333333178 40
1784239190261 0.9326499999998445 41
1784239219881 0.9325166666665113 42
1784239253556 0.9329999999998445 43
1784239284207 0.9326166666665113 44
1784239315819 0.9326833333331779 45
1784239350924 0.9328833333331779 46
1784239383976 0.9325999999998447 47
1784239415402 0.932383333333178 48
1784239444965 0.9327499999998445 49
1784239478594 0.9327833333331779 50
1784239515345 0.932483333333178 51
1784239545692 0.9324999999998447 52
1784239580519 0.9328833333331779 53
1784239617637 0.9322999999998447 54
1784239651610 0.9328999999998445 55
1784239685121 0.9330833333331778 56
1784239716742 0.9326499999998445 57
1784239747859 0.9328499999998445 58
1784239777677 0.9328333333331779 59
1784239807286 0.9327666666665112 60
1784239837108 0.9324999999998447 61
1784239866720 0.9325666666665113 62
1784239896042 0.9333166666665111 63
1784239925858 0.932533333333178 64
1784239954968 0.9327833333331779 65
1784239984938 0.9329999999998445 66
1784240014516 0.9333666666665111 67
1784240043897 0.9330166666665112 68
1784240073446 0.9342833333331777 69
1784240102950 0.9342499999998444 70
1784240131657 0.934166666666511 71
1784240160627 0.9340499999998444 72
1784240189807 0.934466666666511 73
1784240219090 0.9342999999998444 74
1784240248975 0.934316666666511 75
1784240277930 0.934466666666511 76
1784240306598 0.934566666666511 77
1784240335663 0.9347166666665109 78
1784240364251 0.934316666666511 79
1784240393454 0.9345499999998443 80
1784240422442 0.934516666666511 81
1784240451509 0.9345833333331777 82
1784240480229 0.9345333333331777 83
1784240509500 0.9345833333331777 84
1784240538201 0.9345499999998443 85
1784240567641 0.9345333333331777 86
1784240597060 0.934566666666511 87
1784240626272 0.9345833333331777 88
1784240656072 0.934366666666511 89
1784240685193 0.9345999999998442 90
1784240714577 0.9346166666665109 91
1784240744074 0.9346166666665109 92
1784240773035 0.9346166666665109 93
1784240802016 0.9345833333331777 94
1784240831272 0.934566666666511 95
1784240860259 0.9345333333331777 96
1784240890995 0.9345499999998443 97
1784240924246 0.9345833333331777 98
1784240958517 0.9345833333331777 99
