1784327111785 4.852023124694824 0
1784327111796 4.851700782775879 1
1784327111806 4.851334095001221 2
1784327111816 4.851118564605713 3
1784327111825 4.850457191467285 4
1784327111835 4.850320339202881 5
1784327111845 4.848044395446777 6
1784327111857 4.846506118774414 7
1784327111866 4.846923828125 8
1784327111878 4.84835147857666 9
1784327111891 4.842151641845703 10
1784327111902 4.841679573059082 11
1784327111913 4.841116905212402 12
1784327111924 4.8327202796936035 13
1784327111935 4.841339588165283 14
1784327111945 4.824835300445557 15
1784327111956 4.828986167907715 16
1784327111967 4.823877334594727 17
1784327111978 4.826142311096191 18
1784327111990 4.812375545501709 19
1784327112001 4.821645736694336 20
1784327112020 4.810780048370361 21
1784327112032 4.808022499084473 22
1784327112043 4.804843425750732 23
1784327112054 4.785358428955078 24
1784327112064 4.773162841796875 25
1784327112075 4.7886738777160645 26
1784327112086 4.770413875579834 27
1784327112097 4.750778675079346 28
1784327112108 4.770242214202881 29
1784327112119 4.740323066711426 30
1784327112130 4.715958118438721 31
1784327112142 4.7587971687316895 32
1784327112153 4.711884021759033 33
1784327112164 4.7396111488342285 34
1784327112174 4.667134761810303 35
1784327112185 4.735116004943848 36
1784327112197 4.609100818634033 37
1784327112208 4.68278694152832 38
1784327112219 4.693523406982422 39
1784327112231 4.65385627746582 40
1784327112243 4.584888935089111 41
1784327112255 4.616727352142334 42
1784327112266 4.654792308807373 43
1784327112276 4.610099792480469 44
1784327112288 4.594454288482666 45
1784327112299 4.627979278564453 46
1784327112310 4.540699005126953 47
1784327112321 4.490720748901367 48
1784327112333 4.524621486663818 49
1784327112344 4.511163711547852 50
1784327112356 4.555033206939697 51
1784327112367 4.46837043762207 52
1784327112377 4.563543796539307 53
1784327112388 4.491432189941406 54
1784327112399 4.520651340484619 55
1784327112409 4.518267631530762 56
1784327112419 4.502254962921143 57
1784327112430 4.376462459564209 58
1784327112441 4.4047651290893555 59
1784327112452 4.491548538208008 60
1784327112464 4.458436489105225 61
1784327112475 4.42916202545166 62
1784327112487 4.438281536102295 63
1784327112498 4.290195941925049 64
1784327112509 4.329446792602539 65
1784327112521 4.258868217468262 66
1784327112534 4.363980293273926 67
1784327112545 4.291428565979004 68
1784327112556 4.254955291748047 69
1784327112567 4.351226329803467 70
1784327112577 4.308927536010742 71
1784327112589 4.255889892578125 72
1784327112600 4.240303039550781 73
1784327112610 4.249045372009277 74
1784327112624 4.302346706390381 75
1784327112636 4.210253715515137 76
1784327112647 4.249728202819824 77
1784327112656 4.320701599121094 78
1784327112667 4.340278148651123 79
1784327112676 4.206184387207031 80
1784327112685 4.3199334144592285 81
1784327112695 4.267652988433838 82
1784327112706 4.152334690093994 83
1784327112717 4.290656566619873 84
1784327112728 4.089334011077881 85
1784327112740 4.0965447425842285 86
1784327112750 3.9148921966552734 87
1784327112760 4.164112091064453 88
1784327112772 4.149198055267334 89
1784327112782 4.047093868255615 90
1784327112792 4.203474044799805 91
1784327112802 4.250405788421631 92
1784327112813 3.9897851943969727 93
1784327112823 4.09747314453125 94
1784327112833 4.048957824707031 95
1784327112844 4.211137294769287 96
1784327112854 4.117663860321045 97
1784327112865 3.9828031063079834 98
1784327112875 3.9862236976623535 99
1784327112886 4.096866130828857 100
1784327112898 4.243815898895264 101
1784327112908 4.144689559936523 102
1784327112918 4.140902519226074 103
1784327112928 4.041814804077148 104
1784327112939 3.994478940963745 105
1784327112949 3.8804757595062256 106
1784327112958 4.02231502532959 107
1784327112969 4.006722450256348 108
1784327112980 4.128511428833008 109
1784327112991 4.073686599731445 110
1784327113003 4.012933254241943 111
1784327113013 4.078283786773682 112
1784327113023 3.9325170516967773 113
1784327113034 3.9355220794677734 114
1784327113044 4.088753700256348 115
1784327113056 3.8731298446655273 116
1784327113065 4.113377094268799 117
1784327113076 3.9579544067382812 118
1784327113088 3.898508310317993 119
1784327113099 3.9772207736968994 120
1784327113110 3.8837950229644775 121
1784327113120 3.802687168121338 122
1784327113130 3.8055388927459717 123
1784327113490 3.816512107849121 124
1784327113502 3.761211395263672 125
1784327113515 3.9038002490997314 126
1784327113526 4.054676055908203 127
1784327113538 3.818596839904785 128
1784327113549 4.00332498550415 129
1784327113560 3.8475887775421143 130
1784327113571 3.8152475357055664 131
1784327113582 3.7605295181274414 132
1784327113593 3.730823516845703 133
1784327113603 3.8253324031829834 134
1784327113614 3.864405393600464 135
1784327113624 3.9152567386627197 136
1784327113634 3.7550086975097656 137
1784327113646 3.924962282180786 138
1784327113658 3.8065009117126465 139
1784327113669 3.739205837249756 140
1784327113680 3.8429343700408936 141
1784327113690 3.9257545471191406 142
1784327113706 3.72873592376709 143
1784327113717 3.789621114730835 144
1784327113728 3.7716782093048096 145
1784327113739 3.878035068511963 146
1784327113749 3.9226739406585693 147
1784327113760 3.8853816986083984 148
1784327113770 3.828012228012085 149
1784327113782 3.6593399047851562 150
1784327113793 3.697871208190918 151
1784327113804 3.766930103302002 152
1784327113815 3.8317978382110596 153
1784327113826 3.6470463275909424 154
1784327113838 3.7076001167297363 155
1784327113848 3.634239912033081 156
1784327113859 3.685933828353882 157
1784327113869 3.5942461490631104 158
1784327113880 3.680670738220215 159
1784327113890 4.0083465576171875 160
1784327113902 3.7155354022979736 161
1784327113915 3.5763068199157715 162
1784327113926 3.5359997749328613 163
1784327113937 3.684905767440796 164
1784327113948 3.56697154045105 165
1784327113959 3.8084006309509277 166
1784327113969 3.5745797157287598 167
1784327113979 3.554553270339966 168
1784327113990 3.7517848014831543 169
1784327114001 3.5407347679138184 170
1784327114014 3.488198757171631 171
1784327114025 3.6807150840759277 172
1784327114038 3.648672580718994 173
1784327114049 3.8270716667175293 174
1784327114062 3.6969237327575684 175
1784327114072 3.6291069984436035 176
1784327114083 3.7427845001220703 177
1784327114096 3.678234577178955 178
1784327114107 3.621598482131958 179
1784327114120 3.9088239669799805 180
1784327114133 3.5928077697753906 181
1784327114145 3.722745656967163 182
1784327114156 3.526019334793091 183
1784327114167 3.552278995513916 184
1784327114179 3.69016170501709 185
1784327114191 3.5827507972717285 186
1784327114201 3.6983652114868164 187
1784327114211 3.592907667160034 188
1784327114222 3.673546075820923 189
1784327114233 3.809459686279297 190
1784327114244 3.469865083694458 191
1784327114256 3.445305824279785 192
1784327114267 3.5996057987213135 193
1784327114276 3.5050830841064453 194
1784327114287 3.811933755874634 195
1784327114298 3.3549859523773193 196
1784327114308 3.6727163791656494 197
1784327114318 3.5579171180725098 198
1784327114328 3.4561047554016113 199
1784327114339 3.5637996196746826 200
1784327114349 3.4675278663635254 201
1784327114359 3.5094361305236816 202
1784327114369 3.5989480018615723 203
1784327114381 3.401611804962158 204
1784327114394 3.550255298614502 205
1784327114406 3.4551002979278564 206
1784327114417 3.6508610248565674 207
1784327114428 3.349489450454712 208
1784327114439 3.415374279022217 209
1784327114450 3.439591884613037 210
1784327114461 3.4491260051727295 211
1784327114473 3.547567367553711 212
1784327114482 3.551443576812744 213
1784327114491 3.417335271835327 214
1784327114503 3.642648696899414 215
1784327114513 3.5994420051574707 216
1784327114523 3.509526252746582 217
1784327114533 3.400118350982666 218
1784327114544 3.4457314014434814 219
1784327114554 3.4782047271728516 220
1784327114564 3.3598179817199707 221
1784327114574 3.459059715270996 222
1784327114584 3.4559946060180664 223
1784327114594 3.277127504348755 224
1784327114604 3.5287697315216064 225
1784327114618 3.328361749649048 226
1784327114629 3.408134698867798 227
1784327114642 3.1860947608947754 228
1784327114651 3.372541904449463 229
1784327114661 3.3683979511260986 230
1784327114671 3.470839023590088 231
1784327114681 3.3245208263397217 232
1784327114692 3.454939603805542 233
1784327114702 3.509714365005493 234
1784327114712 3.2551329135894775 235
1784327114724 3.570429801940918 236
1784327114735 3.5558226108551025 237
1784327114747 3.476332902908325 238
1784327114757 3.5688095092773438 239
1784327114769 3.58123517036438 240
1784327114779 3.431950569152832 241
1784327114790 3.478893995285034 242
1784327114799 3.4199135303497314 243
1784327114809 3.4596810340881348 244
1784327114819 3.3854076862335205 245
1784327114829 3.4025468826293945 246
1784327114839 3.2417612075805664 247
1784327115164 3.4210116863250732 248
1784327115175 3.410870313644409 249
1784327115186 3.4812989234924316 250
1784327115197 3.2555737495422363 251
1784327115207 3.4272801876068115 252
1784327115218 3.4364588260650635 253
1784327115229 3.418881416320801 254
1784327115239 3.2983269691467285 255
1784327115249 3.4560203552246094 256
1784327115260 3.555020809173584 257
1784327115270 3.2959794998168945 258
1784327115281 3.1776254177093506 259
1784327115291 3.4864907264709473 260
1784327115302 3.297464370727539 261
1784327115312 3.341587543487549 262
1784327115322 3.3175175189971924 263
1784327115332 3.413360595703125 264
1784327115343 3.2786073684692383 265
1784327115354 3.3574893474578857 266
1784327115364 3.345879077911377 267
1784327115375 3.3986096382141113 268
1784327115385 3.4626498222351074 269
1784327115395 3.248199462890625 270
1784327115405 3.344897985458374 271
1784327115415 3.3135011196136475 272
1784327115425 3.3688011169433594 273
1784327115436 3.3696937561035156 274
1784327115446 3.388615608215332 275
1784327115457 3.2955269813537598 276
1784327115467 3.6180152893066406 277
1784327115477 3.422545909881592 278
1784327115486 2.992328643798828 279
1784327115496 3.215581178665161 280
1784327115506 3.5117733478546143 281
1784327115516 3.5784459114074707 282
1784327115526 3.1019537448883057 283
1784327115538 3.1327953338623047 284
1784327115550 3.5604405403137207 285
1784327115563 3.345625638961792 286
1784327115575 3.333845376968384 287
1784327115587 3.3560853004455566 288
1784327115599 3.394778251647949 289
1784327115611 3.2329659461975098 290
1784327115622 3.418978452682495 291
1784327115633 3.406179428100586 292
1784327115643 3.374161720275879 293
1784327115654 3.2336647510528564 294
1784327115665 3.3813071250915527 295
1784327115676 3.1827073097229004 296
1784327115688 3.450207233428955 297
1784327115699 3.336613178253174 298
1784327115710 3.182680606842041 299
1784327115722 3.430086851119995 300
1784327115732 3.293454647064209 301
1784327115742 3.2017366886138916 302
1784327115754 3.339517116546631 303
1784327115764 3.3408803939819336 304
1784327115774 3.0366649627685547 305
1784327115784 3.3518002033233643 306
1784327115795 3.360126256942749 307
1784327115804 3.3190529346466064 308
1784327115816 3.452385663986206 309
1784327115826 3.262059450149536 310
1784327115838 3.0130250453948975 311
1784327115849 3.071434497833252 312
1784327115859 3.4668190479278564 313
1784327115870 3.1845011711120605 314
1784327115881 3.270709753036499 315
1784327115892 3.1389260292053223 316
1784327115903 3.050593614578247 317
1784327115912 3.3908486366271973 318
1784327115923 3.1928892135620117 319
1784327115933 3.281930685043335 320
1784327115944 3.2719061374664307 321
1784327115954 3.2608988285064697 322
1784327115964 3.351142406463623 323
1784327115975 3.333513021469116 324
1784327115985 3.196943998336792 325
1784327115995 3.217194080352783 326
1784327116005 3.247267246246338 327
1784327116014 3.4102001190185547 328
1784327116024 3.1468796730041504 329
1784327116034 3.2474722862243652 330
1784327116044 3.3231310844421387 331
1784327116055 3.1655728816986084 332
1784327116067 3.0368895530700684 333
1784327116077 3.0981926918029785 334
1784327116088 3.231489419937134 335
1784327116098 3.322002649307251 336
1784327116110 3.208728790283203 337
1784327116119 3.040300130844116 338
1784327116130 3.3479247093200684 339
1784327116140 3.0350029468536377 340
1784327116150 3.3201236724853516 341
1784327116160 3.3964803218841553 342
1784327116170 3.3639533519744873 343
1784327116182 3.2796666622161865 344
1784327116192 3.3110861778259277 345
1784327116204 3.24000883102417 346
1784327116214 3.2623953819274902 347
1784327116224 3.1533126831054688 348
1784327116235 3.4600632190704346 349
1784327116246 3.153337240219116 350
1784327116256 3.1154935359954834 351
1784327116268 3.302135467529297 352
1784327116278 3.124762773513794 353
1784327116289 3.2929365634918213 354
1784327116300 3.318115472793579 355
1784327116312 3.306025266647339 356
1784327116323 3.1611878871917725 357
1784327116332 3.304780960083008 358
1784327116342 3.186788320541382 359
1784327116352 3.317375421524048 360
1784327116363 3.163816452026367 361
1784327116373 3.214315891265869 362
1784327116385 3.3390471935272217 363
1784327116395 3.2816689014434814 364
1784327116404 3.1846659183502197 365
1784327116415 3.20820951461792 366
1784327116426 3.1459927558898926 367
1784327116437 3.3518872261047363 368
1784327116447 3.1915719509124756 369
1784327116458 3.1619062423706055 370
1784327116468 3.365945339202881 371
