1784275221681 2.291771650314331 0
1784275221697 2.192821979522705 1
1784275221713 2.1989707946777344 2
1784275221726 2.11224102973938 3
1784275221739 1.9692798852920532 4
1784275221753 1.9489070177078247 5
1784275221767 1.9288259744644165 6
1784275221781 1.7203491926193237 7
1784275221797 1.6248841285705566 8
1784275221810 1.8431755304336548 9
1784275221824 1.4782967567443848 10
1784275221838 1.4115806818008423 11
1784275221851 1.430435061454773 12
1784275221866 1.5434569120407104 13
1784275221879 1.2670363187789917 14
1784275221893 1.2164119482040405 15
1784275221905 1.1579517126083374 16
1784275221920 1.0811059474945068 17
1784275221933 1.0500712394714355 18
1784275221944 1.5603139400482178 19
1784275221959 0.9947270750999451 20
1784275221981 1.0666462182998657 21
1784275221996 1.2457752227783203 22
1784275222009 1.0656564235687256 23
1784275222023 0.888471782207489 24
1784275222038 0.850116491317749 25
1784275222051 1.0953848361968994 26
1784275222065 0.5680508613586426 27
1784275222083 0.9849954843521118 28
1784275222097 1.1490224599838257 29
1784275222113 0.8434778451919556 30
1784275222129 0.9468356370925903 31
1784275222145 1.0965278148651123 32
1784275222159 0.8801887631416321 33
1784275222175 0.7979176044464111 34
1784275222191 0.8608061075210571 35
1784275222206 0.7056623101234436 36
1784275222224 0.7260287404060364 37
1784275222239 0.9056441783905029 38
1784275222255 0.8232734799385071 39
1784275222270 0.6006859540939331 40
1784275222283 0.7793067693710327 41
1784275222299 0.43375369906425476 42
1784275222313 0.5494116544723511 43
1784275222326 0.5935744643211365 44
1784275222339 0.6951891183853149 45
1784275222359 0.46412402391433716 46
1784275222375 0.5158266425132751 47
1784275222392 0.6182399392127991 48
1784275222407 0.804132878780365 49
1784275222423 0.4633599519729614 50
1784275222437 0.5510193109512329 51
1784275222450 0.6300781965255737 52
1784275222463 0.5345416069030762 53
1784275222476 0.6546663045883179 54
1784275222490 0.5047023892402649 55
1784275222503 0.680530846118927 56
1784275222518 0.8200746178627014 57
1784275222530 0.5902502536773682 58
1784275222542 0.5312365889549255 59
1784275222554 0.4857816994190216 60
1784275222565 0.4738864302635193 61
1784275222578 0.6028939485549927 62
1784275222591 0.6455870270729065 63
1784275222605 1.0132313966751099 64
1784275222618 0.6047322154045105 65
1784275222632 0.49166953563690186 66
1784275222644 0.6361762285232544 67
1784275222658 0.37943127751350403 68
1784275222669 0.4575674533843994 69
1784275222680 0.368469774723053 70
1784275222694 0.48952698707580566 71
1784275222708 0.46404603123664856 72
1784275222722 0.7518119812011719 73
1784275222735 0.29664644598960876 74
1784275222748 0.3557664453983307 75
1784275222761 0.2822091281414032 76
1784275222772 0.8118545413017273 77
1784275222785 0.3249220848083496 78
1784275222796 0.45932671427726746 79
1784275222808 0.4929141402244568 80
1784275222822 0.5229807496070862 81
1784275222838 0.5492092370986938 82
1784275222856 0.48492106795310974 83
1784275222872 0.5403221845626831 84
1784275222888 0.3502081334590912 85
1784275222905 0.8155875205993652 86
1784275222921 0.3597063720226288 87
1784275222935 0.4090813398361206 88
1784275222948 0.39121174812316895 89
1784275222963 0.9165940880775452 90
1784275222976 0.43767020106315613 91
1784275222989 0.7313500642776489 92
1784275223002 0.6455182433128357 93
1784275223014 0.6751214861869812 94
1784275223027 0.5802927017211914 95
1784275223041 0.5382757186889648 96
1784275223055 0.7333705425262451 97
1784275223069 0.5895134806632996 98
1784275223079 0.6146104335784912 99
1784275223093 0.7068396806716919 100
1784275223107 0.859560489654541 101
1784275223121 0.3925510346889496 102
1784275223134 0.44117873907089233 103
1784275223146 0.26208436489105225 104
1784275223159 0.9306143522262573 105
1784275223173 0.41595199704170227 106
1784275223187 0.36874356865882874 107
1784275223200 0.480804443359375 108
1784275223212 0.3568364381790161 109
1784275223224 0.4390271008014679 110
1784275223238 0.41725531220436096 111
1784275223252 0.2673082947731018 112
1784275223264 0.586466372013092 113
1784275223278 0.5157749056816101 114
1784275223291 0.6446595788002014 115
1784275223304 0.6910003423690796 116
1784275223317 0.23467043042182922 117
1784275223329 0.26182517409324646 118
1784275223342 0.4778966009616852 119
1784275223355 0.4596270024776459 120
1784275223370 0.39653968811035156 121
1784275223383 0.7446041703224182 122
1784275223396 0.9400575160980225 123
1784275223408 0.5821378231048584 124
1784275223422 0.5160044431686401 125
1784275223436 0.3987358510494232 126
1784275223450 0.30493006110191345 127
1784275223462 0.33900222182273865 128
1784275223476 0.6671488285064697 129
1784275223489 0.5220332741737366 130
1784275223502 0.32195332646369934 131
1784275223514 0.4465291202068329 132
1784275223526 0.6150573492050171 133
1784275223539 0.4264228641986847 134
1784275223552 0.6033323407173157 135
1784275223565 0.6421898603439331 136
1784275223577 0.344493567943573 137
1784275223591 0.41699516773223877 138
1784275223606 0.5798865556716919 139
1784275223619 0.4681304097175598 140
1784275223631 0.7895432114601135 141
1784275223644 0.32220205664634705 142
1784275223655 0.27617543935775757 143
1784275223670 0.31730183959007263 144
1784275223683 0.545603334903717 145
1784275223696 0.3188042640686035 146
1784275223710 0.5125216841697693 147
1784275223723 0.4058823883533478 148
1784275223738 0.2550097107887268 149
1784275223752 0.2874368727207184 150
1784275223764 0.7286174893379211 151
1784275223780 0.5393649935722351 152
1784275223793 0.42759713530540466 153
1784275223804 0.8240381479263306 154
1784275223815 0.5442365407943726 155
1784275223828 0.18222032487392426 156
1784275223842 0.6959244012832642 157
1784275223855 0.6609692573547363 158
1784275223870 0.400607168674469 159
1784275223882 0.4653199315071106 160
1784275223896 0.5797377824783325 161
1784275223910 0.29018229246139526 162
1784275223922 0.602043628692627 163
1784275223936 0.49294614791870117 164
1784275223949 0.6628808975219727 165
1784275223964 0.35085925459861755 166
1784275223978 0.5322776436805725 167
1784275223991 0.24442169070243835 168
1784275224003 0.4255813658237457 169
1784275224019 0.2941564917564392 170
1784275224035 0.426427960395813 171
1784275224049 0.36626824736595154 172
1784275224063 0.3051736056804657 173
1784275224094 0.5068457722663879 174
1784275224110 0.4161163866519928 175
1784275224125 0.7475410103797913 176
1784275224140 0.31308573484420776 177
1784275224154 0.6566305756568909 178
1784275224167 0.7369268536567688 179
1784275224179 0.3830042779445648 180
1784275224193 0.6864416003227234 181
1784275224205 0.36758512258529663 182
1784275224219 0.5088737607002258 183
1784275224233 0.32411348819732666 184
1784275224246 0.37474724650382996 185
1784275224260 0.19709321856498718 186
1784275224273 0.18056021630764008 187
1784275224286 0.3800365626811981 188
1784275224299 0.17689061164855957 189
1784275224310 0.521323025226593 190
1784275224322 0.30514582991600037 191
1784275224336 0.3412710130214691 192
1784275224349 0.33417055010795593 193
1784275224361 0.22548358142375946 194
1784275224376 0.24784594774246216 195
1784275224388 0.2962639629840851 196
1784275224399 0.3146570920944214 197
1784275224411 0.4825912117958069 198
1784275224424 0.20256741344928741 199
1784275224437 0.3526422381401062 200
1784275224449 0.5390580892562866 201
1784275224462 0.4265565872192383 202
1784275224475 0.3522564470767975 203
1784275224489 0.3626543879508972 204
1784275224502 0.6107044816017151 205
1784275224515 0.3706473410129547 206
1784275224528 0.40067023038864136 207
1784275224542 0.44079458713531494 208
1784275224555 0.5151901841163635 209
1784275224569 0.2565004825592041 210
1784275224580 0.4198409914970398 211
1784275224591 0.36893418431282043 212
1784275224604 0.42019814252853394 213
1784275224618 0.9698117971420288 214
1784275224629 0.43169549107551575 215
1784275224643 0.5121586322784424 216
1784275224658 0.3800557553768158 217
1784275224670 0.30149418115615845 218
1784275224682 0.47537630796432495 219
1784275224694 0.5500795841217041 220
1784275224707 0.5875632762908936 221
1784275224721 0.5098951458930969 222
1784275224735 0.41140252351760864 223
1784275224749 0.6165590882301331 224
1784275224763 0.4409170150756836 225
1784275224776 0.2239699512720108 226
1784275224789 0.5793251395225525 227
1784275224801 0.4613085389137268 228
1784275224815 0.3851715326309204 229
1784275224827 0.3370743989944458 230
1784275224840 0.4813241958618164 231
1784275224853 0.4564376473426819 232
1784275224866 0.37737637758255005 233
1784275224880 0.4275003671646118 234
1784275224895 0.24539746344089508 235
1784275224908 0.5881853103637695 236
1784275224922 0.4125721752643585 237
1784275224935 0.15531393885612488 238
1784275224948 0.14077916741371155 239
1784275224960 0.4560256898403168 240
1784275224974 0.4290629029273987 241
1784275224987 0.2652833163738251 242
1784275225000 0.5256695747375488 243
1784275225012 0.12475302070379257 244
1784275225025 0.5030009150505066 245
1784275225038 0.22251537442207336 246
1784275225051 0.2267237901687622 247
1784275225066 0.5068996548652649 248
1784275225083 0.3036479651927948 249
1784275225097 0.7359672784805298 250
1784275225112 0.5205441117286682 251
1784275225127 0.5477267503738403 252
1784275225194 0.35723844170570374 253
1784275225217 0.7729676961898804 254
1784275225231 0.4749491214752197 255
1784275225245 0.25147539377212524 256
1784275225258 0.29084527492523193 257
1784275225271 0.5187314748764038 258
1784275225284 0.5477496385574341 259
1784275225297 0.1755363643169403 260
1784275225311 0.24704569578170776 261
1784275225324 0.3707425594329834 262
1784275225337 0.4399181008338928 263
1784275225350 0.3059074580669403 264
1784275225365 0.19392834603786469 265
1784275225380 0.35528260469436646 266
1784275225394 0.45966270565986633 267
1784275225408 0.40413951873779297 268
1784275225425 0.5549547672271729 269
1784275225437 0.7010632157325745 270
1784275225448 0.6230999231338501 271
1784275225462 0.46574869751930237 272
1784275225476 0.17342975735664368 273
1784275225489 0.2983373999595642 274
1784275225503 0.7149317860603333 275
1784275225517 0.27819764614105225 276
1784275225530 0.2744665741920471 277
1784275225545 0.5127618908882141 278
1784275225561 0.8005903363227844 279
1784275225575 0.2649504840373993 280
1784275225590 0.6320904493331909 281
1784275225604 0.3781021535396576 282
1784275225619 0.2817077934741974 283
1784275225632 0.5600755214691162 284
1784275225648 0.43581345677375793 285
1784275225661 0.2577158808708191 286
1784275225677 0.452720582485199 287
1784275225691 0.8560096621513367 288
1784275225704 0.2445240616798401 289
1784275225718 0.42927104234695435 290
1784275225731 0.5836966037750244 291
1784275225745 0.32615184783935547 292
1784275225760 0.16654132306575775 293
1784275225774 0.1187746524810791 294
1784275225787 0.7445355653762817 295
1784275225801 0.2687501609325409 296
1784275225813 0.2492769956588745 297
1784275225828 0.29929038882255554 298
1784275225842 0.3836195766925812 299
1784275225855 0.44198983907699585 300
1784275225869 0.17196479439735413 301
1784275225882 0.1979156881570816 302
1784275225896 0.3325047194957733 303
1784275225909 0.23592577874660492 304
1784275225921 0.1961955428123474 305
1784275225935 0.4968484044075012 306
1784275225947 0.29938817024230957 307
1784275225961 0.6594759821891785 308
1784275225974 0.19617946445941925 309
1784275225987 0.1284962147474289 310
1784275226001 0.19219841063022614 311
1784275226015 0.3929115831851959 312
1784275226028 0.476119726896286 313
1784275226040 0.36798205971717834 314
1784275226053 0.48387089371681213 315
1784275226066 0.5016981959342957 316
1784275226079 0.2864495515823364 317
1784275226093 0.5545284152030945 318
1784275226107 0.4486786425113678 319
1784275226120 0.4059385061264038 320
1784275226135 0.6167667508125305 321
1784275226149 0.6550294160842896 322
1784275226162 0.28783389925956726 323
1784275226176 0.29575681686401367 324
1784275226190 0.3117457330226898 325
1784275226203 0.07314734905958176 326
1784275226216 0.2962046265602112 327
1784275226229 0.6098624467849731 328
1784275226244 0.3313996195793152 329
1784275226257 0.22988829016685486 330
1784275226269 0.6155924201011658 331
1784275226283 0.3552566170692444 332
1784275226295 0.34884142875671387 333
1784275226306 0.30650922656059265 334
1784275226319 0.3731907606124878 335
1784275226334 0.1927633285522461 336
1784275226346 0.17852601408958435 337
1784275226359 0.4268142282962799 338
1784275226374 0.4152236878871918 339
1784275226388 0.4711057245731354 340
1784275226401 0.5458088517189026 341
1784275226414 0.16861693561077118 342
1784275226428 0.19571644067764282 343
1784275226444 0.3703329265117645 344
1784275226457 0.6023032069206238 345
1784275226472 0.17071755230426788 346
1784275226486 0.384271502494812 347
1784275226498 0.2302398383617401 348
1784275226512 0.6923142671585083 349
1784275226525 0.38188496232032776 350
1784275226539 0.49505504965782166 351
1784275226553 0.2267068326473236 352
1784275226567 0.4550011456012726 353
1784275226584 0.27818286418914795 354
1784275226597 0.42091017961502075 355
1784275226609 0.14016534388065338 356
1784275226623 0.13783206045627594 357
1784275226637 0.2284737527370453 358
1784275226650 0.28828397393226624 359
1784275226665 0.3163571059703827 360
1784275226678 0.38782820105552673 361
1784275226691 0.1694091558456421 362
1784275226705 0.28675732016563416 363
1784275226718 0.31997108459472656 364
1784275226734 0.08070643246173859 365
1784275226747 0.17165778577327728 366
1784275226761 0.43351519107818604 367
1784275226775 0.2612776458263397 368
1784275226788 0.3497343957424164 369
1784275226800 0.3531719446182251 370
1784275226811 0.5326413512229919 371
1784275226825 0.14494889974594116 372
1784275226838 0.1725660264492035 373
1784275226852 0.24767345190048218 374
1784275226865 0.34112653136253357 375
1784275226879 0.4142589271068573 376
1784275226893 0.5787937641143799 377
1784275226903 0.6226927638053894 378
1784275226918 0.5111744999885559 379
1784275226931 0.30239546298980713 380
1784275226943 0.3398352563381195 381
1784275226954 0.23779045045375824 382
1784275226966 0.3753490149974823 383
1784275226979 0.3057558238506317 384
1784275226994 0.1523151397705078 385
1784275227007 0.35370662808418274 386
1784275227020 0.42248016595840454 387
1784275227036 0.28268006443977356 388
1784275227048 0.3827861249446869 389
1784275227061 0.41301700472831726 390
1784275227074 0.4253501892089844 391
1784275227086 0.553765594959259 392
1784275227100 0.4167231619358063 393
1784275227112 0.3646273910999298 394
1784275227123 0.29280561208724976 395
1784275227135 0.4304429292678833 396
1784275227148 0.1552179455757141 397
1784275227163 0.754223108291626 398
1784275227177 0.3316330909729004 399
1784275227190 0.24016736447811127 400
1784275227203 0.25961634516716003 401
1784275227216 0.19311441481113434 402
1784275227230 0.21227683126926422 403
1784275227243 0.47285687923431396 404
1784275227257 0.2702138423919678 405
1784275227270 0.3113163411617279 406
1784275227286 0.1725347489118576 407
1784275227299 0.42261698842048645 408
1784275227312 0.2426542490720749 409
1784275227327 0.3593377470970154 410
1784275227342 0.5608493685722351 411
1784275227361 0.30703917145729065 412
1784275227376 0.22099941968917847 413
1784275227392 0.20271523296833038 414
1784275227407 0.1879287213087082 415
1784275227421 0.38347378373146057 416
1784275227437 0.297504723072052 417
1784275227452 0.42955461144447327 418
1784275227466 0.45771506428718567 419
1784275227479 0.16859909892082214 420
1784275227494 0.631883442401886 421
1784275227511 0.38161662220954895 422
1784275227524 0.3792075216770172 423
1784275227539 0.48369845747947693 424
1784275227553 0.25836455821990967 425
1784275227565 0.5312121510505676 426
1784275227578 0.2407071888446808 427
1784275227592 0.45101025700569153 428
1784275227606 0.20263546705245972 429
1784275227621 0.30377906560897827 430
1784275227636 0.12919950485229492 431
1784275227648 0.6006119251251221 432
1784275227662 0.15994778275489807 433
1784275227677 0.9864454865455627 434
1784275227690 0.4051626920700073 435
1784275227703 0.2590847909450531 436
1784275227716 0.24023312330245972 437
1784275227730 0.07108158618211746 438
1784275227744 0.2583347260951996 439
1784275227759 0.30738896131515503 440
1784275227773 0.2339397817850113 441
1784275227787 0.36223945021629333 442
1784275227800 0.4682689309120178 443
1784275227812 0.7294837832450867 444
1784275227824 0.7602246403694153 445
1784275227837 0.356429785490036 446
1784275227852 0.3010183274745941 447
1784275227865 0.3636528551578522 448
1784275227878 0.4046385884284973 449
1784275227892 0.27538058161735535 450
1784275227905 0.29467299580574036 451
1784275227919 0.4011293649673462 452
1784275227934 0.6588891744613647 453
1784275227948 0.19739636778831482 454
1784275227960 0.5522867441177368 455
1784275227973 0.4099259078502655 456
1784275227986 0.1031922847032547 457
1784275227999 0.20608392357826233 458
1784275228012 0.3189884126186371 459
1784275228031 0.27935752272605896 460
1784275228045 0.16001994907855988 461
1784275228059 0.23441526293754578 462
1784275228072 0.8081585168838501 463
1784275228086 0.31893351674079895 464
1784275228099 0.40714094042778015 465
1784275228113 0.17549243569374084 466
1784275228126 0.24550330638885498 467
1784275228140 0.12829186022281647 468
1784275228153 0.1875031590461731 469
1784275228166 0.17195631563663483 470
1784275228182 0.4867458641529083 471
1784275228193 0.315274715423584 472
1784275228205 0.28133049607276917 473
1784275228219 0.37337589263916016 474
1784275228233 0.4732515513896942 475
1784275228245 0.4203939437866211 476
1784275228256 0.2527674734592438 477
1784275228268 0.2504083514213562 478
1784275228285 0.4033416509628296 479
1784275228299 0.26802873611450195 480
1784275228313 0.294919490814209 481
1784275228325 0.31350448727607727 482
1784275228340 0.17075805366039276 483
1784275228354 0.12631727755069733 484
1784275228368 0.14344355463981628 485
1784275228380 0.3665737807750702 486
1784275228397 0.17753654718399048 487
1784275228411 0.41117775440216064 488
1784275228426 0.4398307204246521 489
1784275228440 0.14093483984470367 490
1784275228455 0.2936318516731262 491
1784275228470 0.3598524332046509 492
1784275228484 0.07716093957424164 493
1784275228498 0.3152172267436981 494
1784275228513 0.32610780000686646 495
1784275228525 0.4415227174758911 496
1784275228540 0.3550955653190613 497
1784275228555 0.32216334342956543 498
1784275228569 0.27339035272598267 499
1784275228585 0.12941814959049225 500
1784275228600 0.29871317744255066 501
1784275228613 0.23791281878948212 502
1784275228628 0.2953351140022278 503
1784275228642 0.09108775854110718 504
1784275228657 0.3593389391899109 505
1784275228672 0.10627041012048721 506
1784275228687 0.4903683662414551 507
1784275228702 0.261750727891922 508
1784275228716 0.02973417565226555 509
1784275228732 0.19806808233261108 510
1784275228746 0.23458752036094666 511
1784275228760 0.18487600982189178 512
1784275228775 0.6293146014213562 513
1784275228787 0.4623609483242035 514
1784275228798 0.293750524520874 515
1784275228812 0.4068623185157776 516
1784275228826 0.7248098254203796 517
1784275228839 0.42542630434036255 518
1784275228853 0.5025844573974609 519
1784275228867 0.15712812542915344 520
1784275228881 0.2046876847743988 521
1784275228894 0.22441819310188293 522
1784275228907 0.21135582029819489 523
1784275228921 0.3126366138458252 524
1784275228934 0.23998598754405975 525
1784275228947 0.32024264335632324 526
1784275228961 0.3584844768047333 527
1784275228976 0.3196926712989807 528
1784275228989 0.21221113204956055 529
1784275229003 0.7550296783447266 530
1784275229015 0.34773147106170654 531
1784275229028 0.39827677607536316 532
1784275229041 0.3628821074962616 533
1784275229055 0.4005921483039856 534
1784275229069 0.3787505030632019 535
1784275229081 0.20987892150878906 536
1784275229096 0.3813630938529968 537
1784275229108 0.31393319368362427 538
1784275229122 0.303591251373291 539
1784275229136 0.24587412178516388 540
1784275229150 0.30033034086227417 541
1784275229164 0.39486274123191833 542
1784275229179 0.6048406958580017 543
1784275229194 0.42869701981544495 544
1784275229208 0.4136461913585663 545
1784275229223 0.23535855114459991 546
1784275229235 0.45210185647010803 547
1784275229246 0.2758338749408722 548
1784275229260 0.38736048340797424 549
1784275229274 0.23281747102737427 550
1784275229288 0.2685715854167938 551
1784275229301 0.3359690010547638 552
1784275229314 0.18931697309017181 553
1784275229328 0.4018906354904175 554
1784275229342 0.2448774129152298 555
1784275229355 0.2708427608013153 556
1784275229369 0.3611336052417755 557
1784275229382 0.32889190316200256 558
1784275229395 0.5474470853805542 559
1784275229409 0.30978626012802124 560
1784275229422 0.1890420764684677 561
1784275229436 0.12518863379955292 562
1784275229452 0.4952262341976166 563
1784275229465 0.3327850103378296 564
1784275229477 0.38589224219322205 565
1784275229491 0.1734195500612259 566
1784275229504 0.4210819900035858 567
1784275229519 0.37708908319473267 568
1784275229534 0.5147801637649536 569
1784275229549 0.2761116623878479 570
1784275229565 0.19543485343456268 571
1784275229582 0.19471120834350586 572
1784275229596 0.255329430103302 573
1784275229613 0.11650848388671875 574
1784275229629 0.18277671933174133 575
1784275229644 0.2507596015930176 576
1784275229663 0.16011936962604523 577
1784275229682 0.1080307736992836 578
1784275229697 0.32473084330558777 579
1784275229715 0.4020726680755615 580
1784275229733 0.4370817244052887 581
1784275229751 0.4481716752052307 582
1784275229766 0.48343294858932495 583
1784275229780 0.21159180998802185 584
1784275229795 0.4062224328517914 585
1784275229809 0.22256895899772644 586
1784275229825 0.1651773303747177 587
1784275229839 0.135019451379776 588
1784275229854 0.19546744227409363 589
1784275229869 0.45234400033950806 590
1784275229885 0.15648268163204193 591
1784275229899 0.0990779846906662 592
1784275229913 0.5584547519683838 593
1784275229930 0.4033198356628418 594
1784275229948 0.16403591632843018 595
1784275229965 0.40530893206596375 596
1784275229983 0.19139255583286285 597
1784275229999 0.2791689932346344 598
1784275230012 0.4905969798564911 599
1784275230026 0.2639705240726471 600
1784275230041 0.28847676515579224 601
1784275230056 0.4701527953147888 602
1784275230071 0.43674564361572266 603
1784275230087 0.1312805414199829 604
1784275230102 0.2995566129684448 605
1784275230118 0.16084739565849304 606
1784275230134 0.32923054695129395 607
1784275230147 0.5811409950256348 608
1784275230163 0.2249966412782669 609
1784275230179 0.38593918085098267 610
1784275230195 0.11798059195280075 611
1784275230210 0.5534161925315857 612
1784275230225 0.5639404058456421 613
1784275230239 0.33708661794662476 614
1784275230255 0.45073652267456055 615
1784275230269 0.5820031762123108 616
1784275230286 0.09451177716255188 617
1784275230301 0.4520663321018219 618
1784275230318 0.20664501190185547 619
1784275230335 0.19283843040466309 620
1784275230351 0.3721449077129364 621
1784275230367 0.1279958188533783 622
1784275230382 0.1743573248386383 623
1784275230399 0.3464610278606415 624
1784275230415 0.19114741683006287 625
1784275230428 0.6994417905807495 626
1784275230446 0.2322288304567337 627
1784275230465 0.11096688359975815 628
1784275230482 0.14012789726257324 629
1784275230495 0.3838229179382324 630
1784275230508 0.10625194758176804 631
1784275230522 0.4052146077156067 632
1784275230537 0.3874669671058655 633
1784275230551 0.35063621401786804 634
1784275230566 0.1473970264196396 635
1784275230586 0.2762813866138458 636
1784275230605 0.3124442994594574 637
1784275230623 0.45051679015159607 638
1784275230637 0.46006661653518677 639
1784275230653 0.2720203995704651 640
1784275230668 0.3169696033000946 641
1784275230682 0.19789168238639832 642
1784275230695 0.21444495022296906 643
1784275230709 0.28351643681526184 644
1784275230725 0.34720245003700256 645
1784275230741 0.4687314033508301 646
1784275230756 0.16103893518447876 647
1784275230772 0.31251466274261475 648
1784275230788 0.4792856276035309 649
1784275230802 0.2886635959148407 650
1784275230817 0.059860993176698685 651
1784275230830 0.13489247858524323 652
1784275230844 0.47841906547546387 653
1784275230859 0.4336602985858917 654
1784275230875 0.34436753392219543 655
1784275230889 0.19235309958457947 656
1784275230904 0.16009488701820374 657
1784275230920 0.37131980061531067 658
1784275230937 0.2264907956123352 659
1784275230953 0.36197441816329956 660
1784275230967 0.22690996527671814 661
1784275230979 0.16317643225193024 662
1784275231002 0.0751103013753891 663
1784275231015 0.47984176874160767 664
1784275231029 0.13941453397274017 665
1784275231042 0.5889695286750793 666
1784275231059 0.3814592957496643 667
1784275231073 0.6712700724601746 668
1784275231087 0.22762879729270935 669
1784275231103 0.34303075075149536 670
1784275231115 0.08415558934211731 671
1784275231127 0.13832448422908783 672
1784275231140 0.31168532371520996 673
1784275231155 0.3008127808570862 674
1784275231168 0.0688222125172615 675
1784275231181 0.5632654428482056 676
1784275231195 0.06087787449359894 677
1784275231211 0.3772607743740082 678
1784275231226 0.7494301199913025 679
1784275231242 0.23711276054382324 680
1784275231257 0.3223619759082794 681
1784275231273 0.15829934179782867 682
1784275231289 0.367168128490448 683
1784275231305 0.16105516254901886 684
1784275231319 0.1420561969280243 685
1784275231334 0.23956894874572754 686
1784275231348 0.1889221966266632 687
1784275231362 0.1890784502029419 688
1784275231376 0.1654517650604248 689
1784275231391 0.1857948899269104 690
1784275231410 0.10152430832386017 691
1784275231428 0.3064097762107849 692
1784275231443 0.35136184096336365 693
1784275231458 0.409027636051178 694
1784275231473 0.15426912903785706 695
1784275231488 0.14405196905136108 696
1784275231503 0.3974350690841675 697
1784275231520 0.49454084038734436 698
1784275231537 0.4249922037124634 699
1784275231552 0.10279244184494019 700
1784275231567 0.21749094128608704 701
1784275231582 0.14887239038944244 702
1784275231596 0.5218830704689026 703
1784275231614 0.4873526692390442 704
1784275231630 0.28877684473991394 705
1784275231645 0.31083929538726807 706
1784275231659 0.31405794620513916 707
1784275231673 0.20041747391223907 708
1784275231687 0.4290171265602112 709
1784275231699 0.4138058125972748 710
1784275231713 0.4451630413532257 711
1784275231727 0.2312924861907959 712
1784275231741 0.2540629506111145 713
1784275231755 0.17978408932685852 714
1784275231768 0.3426295518875122 715
1784275231781 0.26589614152908325 716
1784275231794 0.2574077546596527 717
1784275231811 0.13380980491638184 718
1784275231825 0.47122085094451904 719
1784275231839 0.2663035988807678 720
1784275231855 0.27297207713127136 721
1784275231872 0.16493909060955048 722
1784275231886 0.13847434520721436 723
1784275231899 0.28048384189605713 724
1784275231912 0.43452709913253784 725
1784275231927 0.35116663575172424 726
1784275231941 0.35213184356689453 727
1784275231957 0.41072458028793335 728
1784275231971 0.29652389883995056 729
1784275231986 0.10264677554368973 730
1784275232000 0.30566996335983276 731
1784275232013 0.29715248942375183 732
1784275232025 0.271884948015213 733
1784275232040 0.3431680500507355 734
1784275232053 0.2382134050130844 735
1784275232066 0.2440081536769867 736
1784275232079 0.2954122722148895 737
1784275232092 0.1794995814561844 738
1784275232106 0.217584490776062 739
1784275232119 0.26822760701179504 740
1784275232134 0.3909493088722229 741
1784275232149 0.2614057958126068 742
1784275232161 0.20219780504703522 743
1784275232176 0.1722826212644577 744
1784275232189 0.205412819981575 745
1784275232203 0.3564274311065674 746
1784275232215 0.31117093563079834 747
1784275232228 0.1299372762441635 748
1784275232244 0.47474053502082825 749
1784275232258 0.26528722047805786 750
1784275232271 0.5408132672309875 751
1784275232285 0.038111962378025055 752
1784275232298 0.2506687641143799 753
1784275232310 0.2508702874183655 754
1784275232321 0.19390174746513367 755
1784275232335 0.19390051066875458 756
1784275232350 0.1779327541589737 757
1784275232365 0.24913597106933594 758
1784275232378 0.3221599757671356 759
1784275232391 0.5056871175765991 760
1784275232404 0.19068756699562073 761
1784275232416 0.40897414088249207 762
1784275232428 0.22368910908699036 763
1784275232442 0.24859289824962616 764
1784275232456 0.17577019333839417 765
1784275232472 0.2149389684200287 766
1784275232486 0.3948061168193817 767
1784275232500 0.28356829285621643 768
1784275232512 0.22389179468154907 769
1784275232526 0.1352664977312088 770
1784275232540 0.20793774724006653 771
1784275232553 0.3053709864616394 772
1784275232568 0.2588822841644287 773
1784275232581 0.18815729022026062 774
1784275232592 0.49554574489593506 775
1784275232603 0.06323501467704773 776
1784275232617 0.4972243010997772 777
1784275232631 0.1933557093143463 778
1784275232643 0.4447239637374878 779
1784275232655 0.4052868187427521 780
1784275232669 0.3104475140571594 781
1784275232682 0.3264780044555664 782
1784275232693 0.15082499384880066 783
1784275232704 0.33311089873313904 784
1784275232715 0.12442168593406677 785
1784275232726 0.7800300717353821 786
1784275232739 0.2975740432739258 787
1784275232752 0.21005994081497192 788
1784275232766 0.4129749536514282 789
1784275232779 0.26652026176452637 790
1784275232794 0.28231945633888245 791
1784275232805 0.2985130846500397 792
1784275232818 0.3023304045200348 793
1784275232831 0.3587615489959717 794
1784275232844 0.18867702782154083 795
1784275232858 0.12832801043987274 796
1784275232871 0.29117998480796814 797
1784275232886 0.397110253572464 798
1784275232900 0.12004553526639938 799
1784275232912 0.27256929874420166 800
1784275232926 0.22590422630310059 801
1784275232940 0.18160830438137054 802
1784275232953 0.1765463650226593 803
1784275232983 0.34705206751823425 804
1784275232995 0.3099948763847351 805
1784275233008 0.1833844780921936 806
1784275233021 0.3065429925918579 807
1784275233034 0.28273090720176697 808
1784275233048 0.14028297364711761 809
1784275233061 0.24969638884067535 810
1784275233075 0.3197441101074219 811
1784275233088 0.3716881275177002 812
1784275233100 0.2936800718307495 813
1784275233113 0.3941980004310608 814
1784275233127 0.4884842336177826 815
1784275233139 0.24224789440631866 816
1784275233151 0.2877664864063263 817
1784275233162 0.3018307089805603 818
1784275233175 0.11720692366361618 819
1784275233188 0.4916483461856842 820
1784275233201 0.14109906554222107 821
1784275233212 0.5556960701942444 822
1784275233227 0.23504169285297394 823
1784275233239 0.19481606781482697 824
1784275233253 0.2668153643608093 825
1784275233267 0.25789758563041687 826
1784275233280 0.34537962079048157 827
1784275233295 0.20321162045001984 828
1784275233307 0.11361294239759445 829
1784275233322 0.07377022504806519 830
1784275233336 0.4543902575969696 831
1784275233352 0.5346577763557434 832
1784275233366 0.22626140713691711 833
1784275233384 0.35983580350875854 834
1784275233398 0.2536814212799072 835
1784275233411 0.16600877046585083 836
1784275233426 0.288464218378067 837
1784275233440 0.14924493432044983 838
1784275233455 0.27295199036598206 839
1784275233469 0.14709237217903137 840
1784275233483 0.19930917024612427 841
1784275233501 0.1456354260444641 842
1784275233512 0.20109765231609344 843
1784275233527 0.23168307542800903 844
1784275233542 0.5768928527832031 845
1784275233557 0.3585975468158722 846
1784275233571 0.16444559395313263 847
1784275233585 0.49629971385002136 848
1784275233600 0.37746763229370117 849
1784275233614 0.26256507635116577 850
1784275233628 0.4919624924659729 851
1784275233641 0.09131179004907608 852
1784275233655 0.4319986402988434 853
1784275233669 0.4738837778568268 854
1784275233685 0.1848675012588501 855
1784275233696 0.2902297079563141 856
1784275233709 0.25689974427223206 857
1784275233723 0.1544593870639801 858
1784275233736 0.3198128342628479 859
1784275233750 0.4253704845905304 860
1784275233763 0.36705437302589417 861
1784275233777 0.1294531226158142 862
1784275233792 0.18089257180690765 863
1784275233806 0.19258829951286316 864
1784275233819 0.36077001690864563 865
1784275233832 0.25647109746932983 866
1784275233845 0.3787393271923065 867
1784275233858 0.3784598410129547 868
1784275233871 0.3250746428966522 869
1784275233885 0.32342711091041565 870
1784275233898 0.6764912605285645 871
1784275233912 0.47851741313934326 872
1784275233926 0.118290975689888 873
1784275233940 0.09038613736629486 874
1784275233953 0.22217324376106262 875
1784275233967 0.21087655425071716 876
1784275233980 0.1028127446770668 877
1784275233994 0.07910269498825073 878
1784275234012 0.2435067594051361 879
1784275234028 0.2268856167793274 880
1784275234043 0.2947358787059784 881
1784275234059 0.25078269839286804 882
1784275234073 0.1466073989868164 883
1784275234088 0.1136607676744461 884
1784275234102 0.2941022515296936 885
1784275234115 0.25801360607147217 886
1784275234129 0.22472018003463745 887
1784275234144 0.2931349277496338 888
1784275234157 0.3782046139240265 889
1784275234170 0.278663694858551 890
1784275234185 0.09597676247358322 891
1784275234200 0.11166895180940628 892
1784275234212 0.15805616974830627 893
1784275234226 0.09058147668838501 894
1784275234241 0.13967877626419067 895
1784275234255 0.2682209610939026 896
1784275234268 0.42455267906188965 897
1784275234281 0.2829250693321228 898
1784275234294 0.2020939290523529 899
1784275234306 0.15254685282707214 900
1784275234318 0.2623354196548462 901
1784275234331 0.10486403852701187 902
1784275234345 0.5075372457504272 903
1784275234358 0.27463069558143616 904
1784275234370 0.27753961086273193 905
1784275234382 0.20653307437896729 906
1784275234395 0.15616650879383087 907
1784275234407 0.12105295807123184 908
1784275234419 0.13082346320152283 909
1784275234434 0.34467917680740356 910
1784275234448 0.1711599975824356 911
1784275234461 0.27655357122421265 912
1784275234476 0.24906039237976074 913
1784275234489 0.27050185203552246 914
1784275234503 0.3356344401836395 915
1784275234517 0.25589630007743835 916
1784275234530 0.2118116021156311 917
1784275234542 0.18205471336841583 918
1784275234555 0.1606178730726242 919
1784275234568 0.10145571082830429 920
1784275234584 0.35426339507102966 921
1784275234595 0.20732860267162323 922
1784275234608 0.1986391395330429 923
1784275234621 0.27287232875823975 924
1784275234636 0.43068596720695496 925
1784275234648 0.06283092498779297 926
1784275234661 0.20199351012706757 927
1784275234674 0.2738434970378876 928
1784275234687 0.36584389209747314 929
1784275234700 0.18929055333137512 930
1784275234716 0.08701777458190918 931
1784275234731 0.29566818475723267 932
1784275234743 0.2567724287509918 933
1784275234757 0.16305327415466309 934
1784275234770 0.217445969581604 935
1784275234784 0.1502622663974762 936
1784275234797 0.26530128717422485 937
1784275234809 0.5813739895820618 938
1784275234823 0.11935371905565262 939
1784275234837 0.16731172800064087 940
1784275234850 0.33756861090660095 941
1784275234862 0.2454034686088562 942
1784275234876 0.10391557961702347 943
1784275234890 0.35542237758636475 944
1784275234903 0.2897605895996094 945
1784275234916 0.3887588679790497 946
1784275234929 0.36559921503067017 947
1784275234942 0.30940330028533936 948
1784275234956 0.37908899784088135 949
1784275234969 0.36532875895500183 950
1784275234982 0.1729739010334015 951
1784275234994 0.4862138628959656 952
1784275235006 0.20072057843208313 953
1784275235019 0.14455477893352509 954
1784275235031 0.1365257352590561 955
1784275235043 0.44723740220069885 956
1784275235057 0.2716224491596222 957
1784275235069 0.08572805672883987 958
1784275235084 0.1806720346212387 959
1784275235097 0.17492574453353882 960
1784275235109 0.47310763597488403 961
1784275235121 0.5936408042907715 962
1784275235134 0.05998840928077698 963
1784275235147 0.3399275243282318 964
1784275235160 0.27398771047592163 965
1784275235174 0.10742732882499695 966
1784275235186 0.5728302001953125 967
1784275235200 0.4341127872467041 968
1784275235214 0.3291381597518921 969
1784275235228 0.20579740405082703 970
1784275235242 0.31344184279441833 971
1784275235255 0.3297824561595917 972
1784275235269 0.23964150249958038 973
1784275235284 0.48333051800727844 974
1784275235297 0.2595999538898468 975
1784275235310 0.35515159368515015 976
1784275235322 0.11948280781507492 977
1784275235336 0.25066858530044556 978
1784275235351 0.2473769336938858 979
1784275235362 0.25482112169265747 980
1784275235376 0.13317759335041046 981
1784275235390 0.22818119823932648 982
1784275235404 0.28731220960617065 983
1784275235416 0.17251217365264893 984
1784275235430 0.11320734769105911 985
1784275235444 0.3667811155319214 986
1784275235458 0.21704067289829254 987
1784275235471 0.08657163381576538 988
1784275235484 0.08792003989219666 989
1784275235497 0.1814717948436737 990
1784275235510 0.2516549825668335 991
1784275235524 0.2739958167076111 992
1784275235537 0.2101738005876541 993
1784275235550 0.8108370304107666 994
1784275235563 0.3409619629383087 995
1784275235577 0.08945474028587341 996
1784275235591 0.26516467332839966 997
1784275235604 0.7620859742164612 998
1784275235618 0.3462137281894684 999
1784275235631 0.16253873705863953 1000
1784275235643 0.332649290561676 1001
1784275235657 0.16704392433166504 1002
1784275235671 0.3390759527683258 1003
1784275235685 0.4378928542137146 1004
1784275235698 0.38287848234176636 1005
1784275235710 0.10180786997079849 1006
1784275235724 0.38528478145599365 1007
1784275235738 0.0910998210310936 1008
1784275235751 0.15727728605270386 1009
1784275235764 0.20287160575389862 1010
1784275235776 0.32163870334625244 1011
1784275235790 0.39180946350097656 1012
1784275235803 0.21165302395820618 1013
1784275235817 0.17596691846847534 1014
1784275235831 0.17840199172496796 1015
1784275235846 0.7203528881072998 1016
1784275235858 0.39121004939079285 1017
1784275235872 0.4572899639606476 1018
1784275235886 0.15034139156341553 1019
1784275235899 0.09707018733024597 1020
1784275235912 0.1815403401851654 1021
1784275235925 0.1455068439245224 1022
1784275235944 0.1734437495470047 1023
1784275235957 0.662695050239563 1024
1784275235969 0.2249678522348404 1025
1784275235984 0.6642730236053467 1026
1784275235996 0.3821982741355896 1027
1784275236009 0.19140274822711945 1028
1784275236026 0.17686250805854797 1029
1784275236038 0.29367294907569885 1030
1784275236052 0.1284862607717514 1031
1784275236065 0.24980276823043823 1032
1784275236078 0.29123157262802124 1033
1784275236090 0.10383857786655426 1034
1784275236103 0.21192286908626556 1035
1784275236115 0.0910235047340393 1036
1784275236129 0.23914512991905212 1037
1784275236141 0.1689942628145218 1038
1784275236155 0.1800660640001297 1039
1784275236169 0.3021109700202942 1040
1784275236183 0.4271329641342163 1041
1784275236195 0.17880982160568237 1042
1784275236210 0.24738748371601105 1043
1784275236226 0.2711675763130188 1044
1784275236244 0.2917298674583435 1045
1784275236260 0.38716548681259155 1046
1784275236276 0.28228524327278137 1047
1784275236293 0.05014471337199211 1048
1784275236308 0.41451138257980347 1049
1784275236323 0.33398258686065674 1050
1784275236339 0.287412166595459 1051
1784275236354 0.1577875167131424 1052
1784275236370 0.3662048578262329 1053
1784275236385 0.31468793749809265 1054
1784275236400 0.1077607274055481 1055
1784275236414 0.15752394497394562 1056
1784275236428 0.27097901701927185 1057
1784275236444 0.034476350992918015 1058
1784275236458 0.0826820507645607 1059
1784275236473 0.2940158247947693 1060
1784275236489 0.6075063347816467 1061
1784275236504 0.1694541871547699 1062
1784275236519 0.41079872846603394 1063
1784275236534 0.21773502230644226 1064
1784275236548 0.12136398255825043 1065
1784275236561 0.20305180549621582 1066
1784275236575 0.07596436142921448 1067
1784275236590 0.2962254583835602 1068
1784275236604 0.15248437225818634 1069
1784275236619 0.3230833113193512 1070
1784275236632 0.3028774559497833 1071
1784275236644 0.12358839809894562 1072
1784275236658 0.38668686151504517 1073
1784275236672 0.10352818667888641 1074
1784275236686 0.03864279389381409 1075
1784275236699 0.20724715292453766 1076
1784275236713 0.2358250468969345 1077
1784275236727 0.065398208796978 1078
1784275236741 0.26564306020736694 1079
1784275236755 0.288784384727478 1080
1784275236770 0.20124977827072144 1081
1784275236784 0.15937961637973785 1082
1784275236797 0.4046533703804016 1083
1784275236810 0.11961917579174042 1084
1784275236824 0.13261954486370087 1085
1784275236836 0.18741656839847565 1086
1784275236850 0.1801334023475647 1087
1784275236863 0.12252526730298996 1088
1784275236885 0.2886708378791809 1089
1784275236899 0.3361750841140747 1090
1784275236919 0.5711476802825928 1091
1784275236934 0.3084717392921448 1092
1784275236948 0.17489542067050934 1093
1784275236961 0.20584507286548615 1094
1784275236975 0.3281038999557495 1095
1784275236989 0.3464696705341339 1096
1784275237001 0.3073340356349945 1097
1784275237015 0.12501217424869537 1098
1784275237028 0.10778237134218216 1099
1784275237042 0.14136981964111328 1100
1784275237056 0.22308234870433807 1101
1784275237070 0.16350723803043365 1102
1784275237083 0.4686654210090637 1103
1784275237096 0.21296274662017822 1104
1784275237108 0.08668068796396255 1105
1784275237121 0.17983683943748474 1106
1784275237135 0.14518709480762482 1107
1784275237149 0.2121894806623459 1108
1784275237164 0.12672267854213715 1109
1784275237178 0.11266367882490158 1110
1784275237190 0.2149806022644043 1111
1784275237202 0.09232651442289352 1112
1784275237214 0.3062574565410614 1113
1784275237227 0.2834813594818115 1114
1784275237241 0.2224021852016449 1115
1784275237253 0.0619538351893425 1116
1784275237267 0.07774852216243744 1117
1784275237281 0.24620944261550903 1118
1784275237293 0.26826581358909607 1119
1784275237307 0.3913874626159668 1120
1784275237320 0.11122217029333115 1121
1784275237334 0.25043267011642456 1122
1784275237354 0.5582349300384521 1123
1784275237368 0.11740533262491226 1124
1784275237381 0.2730555832386017 1125
1784275237394 0.18806040287017822 1126
1784275237408 0.32310280203819275 1127
1784275237421 0.06064842641353607 1128
1784275237435 0.19484198093414307 1129
1784275237448 0.15194344520568848 1130
1784275237461 0.082271046936512 1131
1784275237474 0.196394145488739 1132
1784275237486 0.2257140427827835 1133
1784275237498 0.1861659735441208 1134
1784275237514 0.07632166147232056 1135
1784275237533 0.14267507195472717 1136
1784275237549 0.2726641893386841 1137
1784275237564 0.1799117922782898 1138
1784275237577 0.0594150647521019 1139
1784275237591 0.21306666731834412 1140
1784275237605 0.049199555069208145 1141
1784275237619 0.2959044575691223 1142
1784275237633 0.3366599380970001 1143
1784275237647 0.09768357127904892 1144
1784275237660 0.10996071994304657 1145
1784275237672 0.2518620789051056 1146
1784275237685 0.16239029169082642 1147
1784275237698 0.07789434492588043 1148
1784275237710 0.20102913677692413 1149
1784275237723 0.32534852623939514 1150
1784275237737 0.14527513086795807 1151
1784275237750 0.4430809020996094 1152
1784275237765 0.19681459665298462 1153
1784275237779 0.5215131044387817 1154
1784275237792 0.49845248460769653 1155
1784275237807 0.1017809808254242 1156
1784275237820 0.1983194500207901 1157
1784275237833 0.12941938638687134 1158
1784275237846 0.2012794315814972 1159
1784275237858 0.17587056756019592 1160
1784275237872 0.2375953048467636 1161
1784275237885 0.11063600331544876 1162
1784275237899 0.3246467411518097 1163
1784275237912 0.07035592943429947 1164
1784275237927 0.4382180869579315 1165
1784275237940 0.1626095324754715 1166
1784275237953 0.24611660838127136 1167
1784275237968 0.09589044004678726 1168
1784275237982 0.3522053062915802 1169
1784275237993 0.1247514858841896 1170
1784275238006 0.12943193316459656 1171
1784275238018 0.48160168528556824 1172
1784275238031 0.30868813395500183 1173
1784275238044 0.15411537885665894 1174
1784275238059 0.21589379012584686 1175
1784275238071 0.10597727447748184 1176
1784275238085 0.27789509296417236 1177
1784275238098 0.16204185783863068 1178
1784275238109 0.05104188993573189 1179
1784275238121 0.05794138461351395 1180
1784275238135 0.19054728746414185 1181
1784275238149 0.0867895558476448 1182
1784275238160 0.2855062186717987 1183
1784275238174 0.07018709182739258 1184
1784275238189 0.32045507431030273 1185
1784275238204 0.4337061047554016 1186
1784275238219 0.2865799069404602 1187
1784275238234 0.35942405462265015 1188
1784275238249 0.3799770176410675 1189
1784275238261 0.43828901648521423 1190
1784275238275 0.03177398443222046 1191
1784275238288 0.23924385011196136 1192
1784275238302 0.09690485894680023 1193
1784275238316 0.19304974377155304 1194
1784275238330 0.1767258197069168 1195
1784275238343 0.2907997667789459 1196
1784275238357 0.3408530354499817 1197
1784275238369 0.20908203721046448 1198
1784275238383 0.25144731998443604 1199
1784275238397 0.16829589009284973 1200
1784275238411 0.0697634294629097 1201
1784275238426 0.11816484481096268 1202
1784275238438 0.28086531162261963 1203
1784275238452 0.16047658026218414 1204
1784275238470 0.6609828472137451 1205
1784275238485 0.1421387493610382 1206
1784275238502 0.17875193059444427 1207
1784275238515 0.43896740674972534 1208
1784275238531 0.11045531183481216 1209
1784275238544 0.021907389163970947 1210
1784275238558 0.20762886106967926 1211
1784275238573 0.7404842376708984 1212
1784275238586 0.03829288110136986 1213
1784275238600 0.10266123712062836 1214
1784275238616 0.05986817553639412 1215
1784275238629 0.018262814730405807 1216
1784275238641 0.3873331546783447 1217
1784275238654 0.2659653425216675 1218
1784275238667 0.5552269220352173 1219
1784275238681 0.12609033286571503 1220
1784275238693 0.13664810359477997 1221
1784275238707 0.16558575630187988 1222
1784275238720 0.25754544138908386 1223
1784275238734 0.3630027174949646 1224
1784275238747 0.3993915319442749 1225
1784275238762 0.2539975047111511 1226
1784275238777 0.07881050556898117 1227
1784275238789 0.4227873384952545 1228
1784275238803 0.19699566066265106 1229
1784275238817 0.4466853737831116 1230
1784275238831 0.13967232406139374 1231
1784275238843 0.5038202404975891 1232
1784275238857 0.11217720806598663 1233
1784275238871 0.1924738734960556 1234
1784275238885 0.1636568158864975 1235
1784275238898 0.1758875846862793 1236
1784275238909 0.2689555883407593 1237
1784275238921 0.36293530464172363 1238
1784275238941 0.2148764580488205 1239
1784275238956 0.113375723361969 1240
1784275238968 0.08411617577075958 1241
1784275238981 0.14811201393604279 1242
1784275238993 0.0918017104268074 1243
1784275239008 0.1584886610507965 1244
1784275239020 0.2468010038137436 1245
1784275239032 0.1694330871105194 1246
1784275239046 0.36831438541412354 1247
1784275239059 0.13969318568706512 1248
1784275239073 0.07993968576192856 1249
1784275239086 0.11583112180233002 1250
1784275239100 0.20727011561393738 1251
1784275239113 0.29746943712234497 1252
1784275239130 0.14705374836921692 1253
1784275239141 0.15611669421195984 1254
1784275239153 0.09602090716362 1255
1784275239167 0.13399484753608704 1256
1784275239181 0.28324222564697266 1257
1784275239194 0.19615501165390015 1258
1784275239206 0.44353002309799194 1259
1784275239220 0.29445844888687134 1260
1784275239233 0.36378011107444763 1261
1784275239250 0.13743172585964203 1262
1784275239264 0.10857147723436356 1263
1784275239276 0.2961200475692749 1264
1784275239290 0.11007935553789139 1265
1784275239306 0.46352890133857727 1266
1784275239321 0.13515597581863403 1267
1784275239335 0.04964381083846092 1268
1784275239349 0.31281495094299316 1269
1784275239365 0.08239187300205231 1270
1784275239377 0.14255809783935547 1271
1784275239394 0.08160820603370667 1272
1784275239407 0.1296798586845398 1273
1784275239422 0.1701047420501709 1274
1784275239435 0.15537206828594208 1275
1784275239450 0.4482985734939575 1276
1784275239466 0.1723863184452057 1277
1784275239478 0.5945101976394653 1278
1784275239490 0.47098901867866516 1279
1784275239504 0.12379944324493408 1280
1784275239518 0.21209442615509033 1281
1784275239532 0.16813142597675323 1282
1784275239555 0.3379589319229126 1283
1784275239569 0.09996168315410614 1284
1784275239584 0.1810702383518219 1285
1784275239599 0.15973663330078125 1286
1784275239614 0.13063649833202362 1287
1784275239628 0.09932494908571243 1288
1784275239641 0.23413164913654327 1289
1784275239654 0.18632984161376953 1290
1784275239668 0.0919494479894638 1291
1784275239681 0.2029215693473816 1292
1784275239695 0.17312024533748627 1293
1784275239708 0.08095109462738037 1294
1784275239722 0.32727083563804626 1295
1784275239735 0.26382192969322205 1296
1784275239749 0.16854888200759888 1297
1784275239761 0.3421149253845215 1298
1784275239775 0.22867552936077118 1299
1784275239788 0.21270953118801117 1300
1784275239802 0.17434412240982056 1301
1784275239816 0.06669876724481583 1302
1784275239884 0.12509725987911224 1303
1784275239905 0.25888851284980774 1304
1784275239920 0.13646768033504486 1305
1784275239934 0.36607348918914795 1306
1784275239947 0.20225957036018372 1307
1784275239958 0.39128950238227844 1308
1784275239971 0.1307080239057541 1309
1784275239982 0.34221407771110535 1310
1784275239996 0.1552039086818695 1311
1784275240009 0.2521093785762787 1312
1784275240024 0.11375591903924942 1313
1784275240037 0.48820459842681885 1314
1784275240051 0.14957615733146667 1315
1784275240063 0.15142135322093964 1316
1784275240079 0.22561807930469513 1317
1784275240090 0.16469806432724 1318
1784275240102 0.18154165148735046 1319
1784275240117 0.1851518452167511 1320
1784275240131 0.2469768226146698 1321
1784275240145 0.3737953305244446 1322
1784275240157 0.08213992416858673 1323
1784275240171 0.09931701421737671 1324
1784275240185 0.25658726692199707 1325
1784275240201 0.08129933476448059 1326
1784275240216 0.38449981808662415 1327
1784275240230 0.1160929724574089 1328
1784275240242 0.05488745868206024 1329
1784275240254 0.23809358477592468 1330
1784275240267 0.16070087254047394 1331
1784275240281 0.14877231419086456 1332
1784275240294 0.3387119770050049 1333
1784275240307 0.5439361929893494 1334
1784275240322 0.30034229159355164 1335
1784275240335 0.2299683392047882 1336
1784275240349 0.17238682508468628 1337
1784275240362 0.1521296203136444 1338
1784275240377 0.16273488104343414 1339
1784275240390 0.26464059948921204 1340
1784275240404 0.1171979084610939 1341
1784275240417 0.17290863394737244 1342
1784275240430 0.1929798573255539 1343
1784275240443 0.3195301592350006 1344
1784275240456 0.09733572602272034 1345
1784275240469 0.2821083068847656 1346
1784275240483 0.2229536920785904 1347
1784275240498 0.1860365867614746 1348
1784275240511 0.12794269621372223 1349
1784275240525 0.2511356770992279 1350
1784275240537 0.18079905211925507 1351
1784275240551 0.13190016150474548 1352
1784275240565 0.20886972546577454 1353
1784275240578 0.09666916728019714 1354
1784275240592 0.28813958168029785 1355
1784275240606 0.08630457520484924 1356
1784275240620 0.10195502638816833 1357
1784275240633 0.06694859266281128 1358
1784275240647 0.2268180400133133 1359
1784275240662 0.44791093468666077 1360
1784275240679 0.23219645023345947 1361
1784275240695 0.26334279775619507 1362
1784275240712 0.12917669117450714 1363
1784275240727 0.1457376480102539 1364
1784275240743 0.18847660720348358 1365
1784275240759 0.31983521580696106 1366
1784275240775 0.4787862300872803 1367
1784275240788 0.20443567633628845 1368
1784275240803 0.058082424104213715 1369
1784275240816 0.11897477507591248 1370
1784275240830 0.13232654333114624 1371
1784275240843 0.4228295683860779 1372
1784275240858 0.2751690149307251 1373
1784275240873 0.15771298110485077 1374
1784275240885 0.10668725520372391 1375
1784275240896 0.4671943783760071 1376
1784275240910 0.1568855345249176 1377
1784275240923 0.08124937117099762 1378
1784275240955 0.05975571274757385 1379
1784275240970 0.24359889328479767 1380
1784275240984 0.108588308095932 1381
1784275240995 0.09980902820825577 1382
1784275241008 0.31167230010032654 1383
1784275241022 0.6144214272499084 1384
1784275241035 0.2784273028373718 1385
1784275241049 0.22878246009349823 1386
1784275241063 0.22775769233703613 1387
1784275241076 0.24343407154083252 1388
1784275241090 0.15482041239738464 1389
1784275241102 0.2594127357006073 1390
1784275241113 0.35769662261009216 1391
1784275241124 0.19679439067840576 1392
1784275241137 0.38201409578323364 1393
1784275241150 0.2369362711906433 1394
1784275241163 0.48874032497406006 1395
1784275241175 0.08908219635486603 1396
1784275241189 0.06968140602111816 1397
1784275241203 0.040055159479379654 1398
1784275241218 0.24060644209384918 1399
1784275241229 0.6957078576087952 1400
1784275241243 0.17299306392669678 1401
1784275241256 0.327541708946228 1402
1784275241270 0.15986981987953186 1403
1784275241285 0.5102774500846863 1404
1784275241299 0.24940235912799835 1405
1784275241312 0.20992793142795563 1406
1784275241326 0.22803720831871033 1407
1784275241341 0.08568213880062103 1408
1784275241355 0.08568163961172104 1409
1784275241371 0.07523532211780548 1410
1784275241385 0.1901703178882599 1411
1784275241399 0.09187939763069153 1412
1784275241413 0.16126015782356262 1413
1784275241428 0.35245904326438904 1414
1784275241445 0.10810400545597076 1415
1784275241459 0.39991772174835205 1416
1784275241475 0.30252060294151306 1417
1784275241490 0.20751424133777618 1418
1784275241505 0.36113378405570984 1419
1784275241519 0.1914021372795105 1420
1784275241533 0.31733208894729614 1421
1784275241548 0.10568272322416306 1422
1784275241560 0.11306790262460709 1423
1784275241574 0.2824341058731079 1424
1784275241587 0.243100106716156 1425
1784275241602 0.19182170927524567 1426
1784275241616 0.16071435809135437 1427
1784275241631 0.6973340511322021 1428
1784275241645 0.41709163784980774 1429
1784275241659 0.25232547521591187 1430
1784275241672 0.2910897135734558 1431
1784275241686 0.3210555613040924 1432
1784275241700 0.38304808735847473 1433
1784275241714 0.27654144167900085 1434
1784275241727 0.08816812932491302 1435
1784275241739 0.16489894688129425 1436
1784275241753 0.32999294996261597 1437
1784275241767 0.2155902236700058 1438
1784275241780 0.23136039078235626 1439
1784275241794 0.18051448464393616 1440
1784275241808 0.28277620673179626 1441
1784275241821 0.20936219394207 1442
1784275241833 0.25787636637687683 1443
1784275241847 0.14538955688476562 1444
1784275241860 0.157790407538414 1445
1784275241873 0.10133235901594162 1446
1784275241886 0.11408647894859314 1447
1784275241899 0.3908710181713104 1448
1784275241914 0.1226339116692543 1449
1784275241927 0.15024861693382263 1450
1784275241942 0.3791446387767792 1451
1784275241957 0.3410235643386841 1452
1784275241972 0.11691692471504211 1453
1784275241986 0.17791421711444855 1454
1784275242000 0.2172820121049881 1455
1784275242015 0.08003142476081848 1456
1784275242027 0.28780025243759155 1457
1784275242043 0.09018272161483765 1458
1784275242057 0.11148674786090851 1459
1784275242071 0.08964352309703827 1460
1784275242084 0.10931319743394852 1461
1784275242099 0.07837868481874466 1462
1784275242111 0.1119433119893074 1463
1784275242125 0.23402443528175354 1464
1784275242137 0.2912001609802246 1465
1784275242150 0.12821096181869507 1466
1784275242165 0.052040476351976395 1467
1784275242179 0.3089529275894165 1468
1784275242193 0.22934642434120178 1469
1784275242206 0.17281903326511383 1470
1784275242219 0.07844037562608719 1471
1784275242232 0.1198502704501152 1472
1784275242245 0.3032110333442688 1473
1784275242258 0.06972659379243851 1474
1784275242272 0.331205815076828 1475
1784275242285 0.17804202437400818 1476
1784275242299 0.06274211406707764 1477
1784275242314 0.0747791975736618 1478
1784275242329 0.05923941358923912 1479
1784275242340 0.37203362584114075 1480
1784275242354 0.08178796619176865 1481
1784275242368 0.5327740907669067 1482
1784275242380 0.17865976691246033 1483
1784275242392 0.21131528913974762 1484
1784275242405 0.13160015642642975 1485
1784275242419 0.1754208505153656 1486
1784275242432 0.04769659414887428 1487
1784275242443 0.20790623128414154 1488
1784275242458 0.39366501569747925 1489
1784275242471 0.19404281675815582 1490
1784275242482 0.1776908040046692 1491
1784275242495 0.3436216115951538 1492
1784275242509 0.17845727503299713 1493
1784275242523 0.10230235755443573 1494
1784275242536 0.28688135743141174 1495
1784275242551 0.30540746450424194 1496
1784275242563 0.5806915760040283 1497
1784275242576 0.14232571423053741 1498
1784275242590 0.17812488973140717 1499
1784275242603 0.22797361016273499 1500
1784275242616 0.2646034359931946 1501
1784275242631 0.10104348510503769 1502
1784275242644 0.23823337256908417 1503
1784275242656 0.08447708189487457 1504
1784275242670 0.08196145296096802 1505
1784275242684 0.28340277075767517 1506
1784275242697 0.18346883356571198 1507
1784275242710 0.06178447976708412 1508
1784275242724 0.17814958095550537 1509
1784275242738 0.10993822664022446 1510
1784275242751 0.36603301763534546 1511
1784275242765 0.17405691742897034 1512
1784275242778 0.07312653958797455 1513
1784275242791 0.0959915816783905 1514
1784275242805 0.08496269583702087 1515
1784275242818 0.22559645771980286 1516
1784275242831 0.14865407347679138 1517
1784275242846 0.7029554843902588 1518
1784275242859 0.2221813201904297 1519
1784275242875 0.22483626008033752 1520
1784275242887 0.1167050153017044 1521
1784275242900 0.3174826204776764 1522
1784275242916 0.08013482391834259 1523
1784275242932 0.17859838902950287 1524
1784275242949 0.1887887865304947 1525
1784275242965 0.2407912164926529 1526
1784275242980 0.345412939786911 1527
1784275242993 0.3985257148742676 1528
1784275243007 0.07988771796226501 1529
1784275243022 0.2731064558029175 1530
1784275243036 0.08218135684728622 1531
1784275243050 0.1417909413576126 1532
1784275243064 0.21778656542301178 1533
1784275243079 0.2712532877922058 1534
1784275243092 0.11164442449808121 1535
1784275243106 0.3377339839935303 1536
1784275243120 0.2844775915145874 1537
1784275243133 0.11502915620803833 1538
1784275243148 0.6679665446281433 1539
1784275243160 0.2443828135728836 1540
1784275243173 0.2792522609233856 1541
1784275243188 0.2526681125164032 1542
1784275243201 0.060051292181015015 1543
1784275243215 0.10360649228096008 1544
1784275243229 0.1457594484090805 1545
1784275243242 0.09635549783706665 1546
1784275243256 0.12881875038146973 1547
1784275243270 0.07012641429901123 1548
1784275243285 0.3504711389541626 1549
1784275243298 0.8816689252853394 1550
1784275243311 0.15469342470169067 1551
1784275243324 0.12743045389652252 1552
1784275243338 0.2936084568500519 1553
1784275243351 0.10060437768697739 1554
1784275243366 0.3552471399307251 1555
1784275243380 0.21952345967292786 1556
1784275243393 0.06454911828041077 1557
1784275243407 0.11894083768129349 1558
1784275243419 0.3740589916706085 1559
1784275243432 0.3685610890388489 1560
1784275243443 0.0673837810754776 1561
1784275243455 0.20741212368011475 1562
1784275243468 0.12500570714473724 1563
1784275243481 0.04570586606860161 1564
1784275243494 0.0944119244813919 1565
1784275243506 0.2822454571723938 1566
1784275243519 0.1302112340927124 1567
1784275243531 0.10394042730331421 1568
1784275243543 0.40311312675476074 1569
1784275243556 0.17549724876880646 1570
1784275243571 0.28384697437286377 1571
1784275243584 0.17745207250118256 1572
1784275243597 0.08093523979187012 1573
1784275243610 0.12332820892333984 1574
1784275243624 0.14168505370616913 1575
1784275243637 0.10774730890989304 1576
1784275243651 0.059578318148851395 1577
1784275243665 0.26009422540664673 1578
1784275243677 0.06600815057754517 1579
1784275243691 0.1327553242444992 1580
1784275243703 0.0313156321644783 1581
1784275243717 0.1888921707868576 1582
1784275243732 0.5659371018409729 1583
1784275243745 0.1650753915309906 1584
1784275243757 0.08268067240715027 1585
1784275243770 0.13167843222618103 1586
1784275243784 0.11629493534564972 1587
1784275243796 0.3786051273345947 1588
1784275243811 0.16268594563007355 1589
1784275243825 0.03581736609339714 1590
1784275243840 0.2412342131137848 1591
1784275243855 0.2809790074825287 1592
1784275243867 0.13286256790161133 1593
1784275243881 0.10242780297994614 1594
1784275243895 0.15899449586868286 1595
1784275243907 0.1891452819108963 1596
1784275243930 0.11127828806638718 1597
1784275243946 0.08922448009252548 1598
1784275243958 0.07503526657819748 1599
1784275243970 0.27804750204086304 1600
1784275243981 0.3592238426208496 1601
1784275243994 0.28251710534095764 1602
1784275244008 0.25313615798950195 1603
1784275244024 0.25103697180747986 1604
1784275244038 0.1264093965291977 1605
1784275244051 0.050948616117239 1606
1784275244065 0.41070669889450073 1607
1784275244076 0.19459401071071625 1608
1784275244087 0.24420329928398132 1609
1784275244099 0.1681327521800995 1610
1784275244114 0.20498186349868774 1611
1784275244126 0.0976734384894371 1612
1784275244138 0.13948406279087067 1613
1784275244150 0.1824863702058792 1614
1784275244167 0.23739010095596313 1615
1784275244182 0.1774158924818039 1616
1784275244197 0.16885417699813843 1617
1784275244210 0.06137511134147644 1618
1784275244223 0.16420122981071472 1619
1784275244237 0.1318485140800476 1620
1784275244253 0.34127527475357056 1621
1784275244267 0.13523001968860626 1622
1784275244285 0.09349674731492996 1623
1784275244299 0.0689447820186615 1624
1784275244313 0.324146032333374 1625
1784275244327 0.16266492009162903 1626
1784275244339 0.18665283918380737 1627
1784275244353 0.22529028356075287 1628
1784275244368 0.015584340319037437 1629
1784275244381 0.32320624589920044 1630
1784275244394 0.13258814811706543 1631
1784275244408 0.16740229725837708 1632
1784275244420 0.14183686673641205 1633
1784275244435 0.11029451340436935 1634
1784275244450 0.36286911368370056 1635
1784275244465 0.13673686981201172 1636
1784275244479 0.22381077706813812 1637
1784275244492 0.34810590744018555 1638
1784275244507 0.09578128904104233 1639
1784275244522 0.21493515372276306 1640
1784275244537 0.26686951518058777 1641
1784275244552 0.09951270371675491 1642
1784275244566 0.12520307302474976 1643
1784275244580 0.40922895073890686 1644
1784275244593 0.17549531161785126 1645
1784275244607 0.36204609274864197 1646
1784275244622 0.09568379074335098 1647
1784275244635 0.1245013028383255 1648
1784275244650 0.17483414709568024 1649
1784275244664 0.09681457281112671 1650
1784275244676 0.09024041891098022 1651
1784275244690 0.13104644417762756 1652
1784275244702 0.28087711334228516 1653
1784275244716 0.04629315808415413 1654
1784275244730 0.207861989736557 1655
1784275244741 0.09669395536184311 1656
1784275244756 0.21772903203964233 1657
1784275244771 0.31399431824684143 1658
1784275244785 0.21308691799640656 1659
1784275244799 0.2910969853401184 1660
1784275244813 0.1463608294725418 1661
1784275244825 0.21544227004051208 1662
1784275244839 0.13396534323692322 1663
1784275244853 0.10713008046150208 1664
1784275244869 0.3721558749675751 1665
1784275244882 0.13453343510627747 1666
1784275244895 0.05288856849074364 1667
1784275244908 0.06274844706058502 1668
1784275244921 0.17329668998718262 1669
1784275244935 0.3781539797782898 1670
1784275244949 0.178884357213974 1671
1784275244962 0.2718537151813507 1672
1784275244974 0.14197757840156555 1673
1784275244985 0.15821710228919983 1674
1784275245000 0.4311661124229431 1675
1784275245014 0.07923683524131775 1676
1784275245029 0.023364130407571793 1677
1784275245042 0.3518354594707489 1678
1784275245056 0.2087675929069519 1679
1784275245070 0.18086199462413788 1680
1784275245084 0.25695979595184326 1681
1784275245096 0.19979293644428253 1682
1784275245110 0.08904579281806946 1683
1784275245126 0.2761504650115967 1684
1784275245142 0.2570236623287201 1685
1784275245158 0.15684294700622559 1686
1784275245174 0.14942403137683868 1687
1784275245190 0.10029469430446625 1688
1784275245204 0.27197831869125366 1689
1784275245218 0.1774284690618515 1690
1784275245233 0.058012865483760834 1691
1784275245247 0.09230821579694748 1692
1784275245260 0.24010099470615387 1693
1784275245274 0.38045844435691833 1694
1784275245287 0.3849625289440155 1695
1784275245301 0.1826673299074173 1696
1784275245315 0.2469787299633026 1697
1784275245331 0.2569381594657898 1698
1784275245344 0.06831540167331696 1699
1784275245357 0.4291534423828125 1700
1784275245372 0.13121119141578674 1701
1784275245384 0.44878071546554565 1702
1784275245398 0.30159392952919006 1703
1784275245411 0.176799476146698 1704
1784275245423 0.3276337683200836 1705
1784275245436 0.26235219836235046 1706
1784275245449 0.106992207467556 1707
1784275245463 0.15496374666690826 1708
1784275245475 0.18639712035655975 1709
1784275245488 0.13089966773986816 1710
1784275245503 0.40051037073135376 1711
1784275245516 0.20720891654491425 1712
1784275245530 0.23331670463085175 1713
1784275245544 0.12140937894582748 1714
1784275245556 0.10031991451978683 1715
1784275245570 0.45688512921333313 1716
1784275245584 0.24152782559394836 1717
1784275245598 0.01894373446702957 1718
1784275245613 0.23913535475730896 1719
1784275245625 0.1612173169851303 1720
1784275245639 0.13462349772453308 1721
1784275245652 0.2614613473415375 1722
1784275245665 0.06909382343292236 1723
1784275245678 0.16501714289188385 1724
1784275245691 0.09429837763309479 1725
1784275245704 0.07955452799797058 1726
1784275245718 0.14782586693763733 1727
1784275245731 0.24856218695640564 1728
1784275245744 0.11699829995632172 1729
1784275245756 0.4333396553993225 1730
1784275245768 0.1520572453737259 1731
1784275245779 0.15306155383586884 1732
1784275245791 0.1470785140991211 1733
1784275245805 0.42136016488075256 1734
1784275245817 0.18256214261054993 1735
1784275245831 0.028294464573264122 1736
1784275245845 0.1173660159111023 1737
1784275245858 0.21518784761428833 1738
1784275245873 0.5256919860839844 1739
1784275245885 0.384202241897583 1740
1784275245899 0.0865011215209961 1741
1784275245912 0.16708986461162567 1742
1784275245924 0.4400443434715271 1743
1784275245937 0.2025575190782547 1744
1784275245950 0.11816077679395676 1745
1784275245963 0.26121485233306885 1746
1784275245976 0.1780572533607483 1747
1784275245989 0.02932959422469139 1748
1784275246004 0.46143481135368347 1749
1784275246017 0.04723822697997093 1750
1784275246030 0.0649796724319458 1751
1784275246044 0.13055384159088135 1752
1784275246056 0.07660219073295593 1753
1784275246068 0.06117453798651695 1754
1784275246080 0.12090719491243362 1755
1784275246093 0.22817806899547577 1756
1784275246105 0.15288247168064117 1757
1784275246119 0.18875183165073395 1758
1784275246133 0.05928969383239746 1759
1784275246148 0.2107286900281906 1760
1784275246162 0.29056477546691895 1761
1784275246175 0.18856187164783478 1762
1784275246187 0.2653927803039551 1763
1784275246201 0.13497593998908997 1764
1784275246215 0.34949469566345215 1765
1784275246229 0.5811580419540405 1766
1784275246242 0.8837565183639526 1767
1784275246257 0.17750833928585052 1768
1784275246271 0.33998680114746094 1769
1784275246284 0.17939496040344238 1770
1784275246298 0.25609254837036133 1771
1784275246311 0.3597590923309326 1772
1784275246324 0.1155451089143753 1773
1784275246337 0.1388036459684372 1774
1784275246351 0.2126591056585312 1775
1784275246366 0.2967335283756256 1776
1784275246379 0.23563861846923828 1777
1784275246392 0.27853867411613464 1778
1784275246405 0.03400751203298569 1779
1784275246420 0.17435497045516968 1780
1784275246434 0.19776242971420288 1781
1784275246447 0.23209774494171143 1782
1784275246462 0.19956526160240173 1783
1784275246474 0.10756068676710129 1784
1784275246487 0.2023768275976181 1785
1784275246500 0.3091806173324585 1786
1784275246514 0.091428242623806 1787
1784275246526 0.10150252282619476 1788
1784275246538 0.19423861801624298 1789
1784275246551 0.2268945723772049 1790
1784275246565 0.4018063545227051 1791
1784275246578 0.20219603180885315 1792
1784275246590 0.26962536573410034 1793
1784275246604 0.0825648158788681 1794
1784275246617 0.13620169460773468 1795
1784275246631 0.052608441561460495 1796
1784275246643 0.42408663034439087 1797
1784275246657 0.09360907971858978 1798
1784275246671 0.05084890127182007 1799
1784275246684 0.1676209270954132 1800
1784275246697 0.18800000846385956 1801
1784275246710 0.15596386790275574 1802
1784275246723 0.10233677923679352 1803
1784275246734 0.2680925726890564 1804
1784275246746 0.283722460269928 1805
1784275246759 0.0964352935552597 1806
1784275246773 0.054214056581258774 1807
1784275246788 0.24035488069057465 1808
1784275246802 0.22834183275699615 1809
1784275246816 0.8026210069656372 1810
1784275246831 0.07678461074829102 1811
1784275246843 0.0813203677535057 1812
1784275246857 0.041732728481292725 1813
1784275246875 0.23769812285900116 1814
1784275246887 0.05603470280766487 1815
1784275246899 0.14787867665290833 1816
1784275246913 0.08358483761548996 1817
1784275246927 0.07320976257324219 1818
1784275246941 0.1690535545349121 1819
1784275246954 0.43444645404815674 1820
1784275246967 0.0706615224480629 1821
1784275246979 0.1599389761686325 1822
1784275246992 0.1318034678697586 1823
1784275247006 0.059082262217998505 1824
1784275247018 0.20614048838615417 1825
1784275247033 0.08918141573667526 1826
1784275247047 0.06009519472718239 1827
1784275247059 0.16856902837753296 1828
1784275247073 0.12642444670200348 1829
1784275247087 0.25830164551734924 1830
1784275247100 0.11923187226057053 1831
1784275247115 0.19848714768886566 1832
1784275247128 0.10734498500823975 1833
1784275247141 0.12339769303798676 1834
1784275247156 0.2984178960323334 1835
1784275247172 0.25175198912620544 1836
1784275247185 0.07652562856674194 1837
1784275247199 0.1305769830942154 1838
1784275247213 0.07483992725610733 1839
1784275247226 0.06355230510234833 1840
1784275247241 0.0951962023973465 1841
1784275247255 0.07384490966796875 1842
1784275247270 0.1550958901643753 1843
1784275247282 0.17043901979923248 1844
1784275247294 0.17754167318344116 1845
1784275247311 0.15317438542842865 1846
1784275247324 0.41911426186561584 1847
1784275247340 0.16062641143798828 1848
1784275247356 0.09837206453084946 1849
1784275247373 0.1363709270954132 1850
1784275247386 0.11579621583223343 1851
1784275247404 0.06910021603107452 1852
1784275247420 0.2741362154483795 1853
1784275247434 0.05672452971339226 1854
1784275247448 0.1394331008195877 1855
1784275247461 0.2724762260913849 1856
1784275247477 0.17929208278656006 1857
1784275247489 0.211730495095253 1858
1784275247502 0.12978066504001617 1859
1784275247517 0.2165854126214981 1860
1784275247530 0.06441421061754227 1861
1784275247543 0.12967358529567719 1862
1784275247557 0.10733271390199661 1863
1784275247571 0.030651582404971123 1864
1784275247586 0.03091070055961609 1865
1784275247601 0.2814103066921234 1866
1784275247615 0.2045862078666687 1867
1784275247630 0.19576412439346313 1868
1784275247643 0.2062026411294937 1869
1784275247658 0.14786316454410553 1870
1784275247671 0.17447397112846375 1871
1784275247684 0.04121163859963417 1872
1784275247698 0.1218215823173523 1873
1784275247711 0.2377755492925644 1874
