1784402105090 4.851650714874268 0
1784402105118 4.851563930511475 1
1784402105147 4.851223468780518 2
1784402105166 4.851254463195801 3
1784402105191 4.84975004196167 4
1784402105216 4.849979877471924 5
1784402105240 4.848713397979736 6
1784402105259 4.848135471343994 7
1784402105278 4.8453850746154785 8
1784402105313 4.844264984130859 9
1784402105332 4.84316873550415 10
1784402105352 4.843192100524902 11
1784402105371 4.838183879852295 12
1784402105390 4.836147785186768 13
1784402105409 4.835827827453613 14
1784402105428 4.836989402770996 15
1784402105445 4.8301215171813965 16
1784402105462 4.824759006500244 17
1784402105478 4.822902679443359 18
1784402105496 4.821210861206055 19
1784402105511 4.817551612854004 20
1784402105532 4.821808338165283 21
1784402105551 4.801508903503418 22
1784402105567 4.80238676071167 23
1784402105583 4.7921857833862305 24
1784402105599 4.7888875007629395 25
1784402105615 4.776177406311035 26
1784402105635 4.764164924621582 27
1784402105653 4.747740745544434 28
1784402105672 4.769306182861328 29
1784402105695 4.757139205932617 30
1784402105713 4.753474235534668 31
1784402105730 4.7298479080200195 32
1784402105747 4.708617210388184 33
1784402105764 4.733333587646484 34
1784402105782 4.690603733062744 35
1784402105808 4.675013542175293 36
1784402105829 4.666227340698242 37
1784402105846 4.690095901489258 38
1784402105866 4.664825439453125 39
1784402105884 4.674383163452148 40
1784402105903 4.639596462249756 41
1784402105921 4.601225852966309 42
1784402105939 4.576932430267334 43
1784402105958 4.547523498535156 44
1784402105980 4.538786888122559 45
1784402105994 4.582663059234619 46
1784402106009 4.562819480895996 47
1784402106025 4.574907302856445 48
1784402106050 4.5292067527771 49
1784402106070 4.507026195526123 50
1784402106092 4.449967384338379 51
1784402106116 4.429112434387207 52
1784402106146 4.446223258972168 53
1784402106170 4.46962833404541 54
1784402106192 4.4481377601623535 55
1784402106212 4.443256855010986 56
1784402106318 4.355436325073242 57
1784402106354 4.307008266448975 58
1784402106369 4.3594841957092285 59
1784402106396 4.47737979888916 60
1784402106420 4.518933296203613 61
1784402106456 4.380084037780762 62
1784402106477 4.34000825881958 63
1784402106500 4.404726982116699 64
1784402106519 4.298790454864502 65
1784402106540 4.350704669952393 66
1784402106558 4.2662506103515625 67
1784402106574 4.383144855499268 68
1784402106595 4.340746879577637 69
1784402106616 4.406593322753906 70
1784402106634 4.3489789962768555 71
1784402106653 4.263772487640381 72
1784402106674 4.411370277404785 73
1784402106695 4.3050079345703125 74
1784402106713 4.227810859680176 75
1784402106729 4.2512054443359375 76
1784402106747 4.12687873840332 77
1784402106764 4.400407791137695 78
1784402106780 4.380239963531494 79
1784402106796 4.246131896972656 80
1784402106810 4.215798854827881 81
1784402106828 4.163304328918457 82
1784402106843 4.199374198913574 83
1784402106862 4.069521903991699 84
1784402106881 3.9646337032318115 85
1784402106898 4.009193420410156 86
1784402106913 3.9865643978118896 87
1784402106932 4.161289691925049 88
1784402106948 4.1907572746276855 89
1784402106965 4.166982650756836 90
1784402106993 4.0728840827941895 91
1784402107018 4.162313461303711 92
1784402107035 4.199537754058838 93
1784402107057 3.9808647632598877 94
1784402107079 3.929638147354126 95
1784402107099 4.10570764541626 96
1784402107117 4.045644760131836 97
1784402107143 4.039123058319092 98
1784402107169 4.121443271636963 99
1784402107186 4.109496116638184 100
1784402107203 4.105190277099609 101
1784402107225 4.018174171447754 102
1784402107246 3.9721531867980957 103
1784402107264 3.9813475608825684 104
1784402107290 3.9502010345458984 105
1784402107312 4.0819783210754395 106
1784402107331 3.837623119354248 107
1784402107354 4.017913818359375 108
1784402107385 4.00175666809082 109
1784402107407 4.1674394607543945 110
1784402107424 4.008024215698242 111
1784402107443 3.91554856300354 112
1784402107460 3.9427850246429443 113
1784402107479 3.8938710689544678 114
1784402107499 3.8819427490234375 115
1784402107520 3.904541492462158 116
1784402107543 4.004122734069824 117
1784402107560 3.7984843254089355 118
1784402107579 3.9629814624786377 119
1784402107598 4.011490821838379 120
1784402107617 3.8314154148101807 121
1784402107647 3.950065851211548 122
1784402107670 3.932677745819092 123
1784402108187 3.904395818710327 124
1784402108209 3.827259063720703 125
1784402108225 3.880253314971924 126
1784402108247 3.765659809112549 127
1784402108266 3.893660068511963 128
1784402108286 3.9021310806274414 129
1784402108306 3.8731577396392822 130
1784402108326 3.717167854309082 131
1784402108340 3.8791215419769287 132
1784402108357 3.7900915145874023 133
1784402108375 3.6564550399780273 134
1784402108390 3.821503162384033 135
1784402108406 3.848236322402954 136
1784402108420 3.723571538925171 137
1784402108436 3.59429669380188 138
1784402108452 3.7974982261657715 139
1784402108468 3.925494909286499 140
1784402108485 3.8040618896484375 141
1784402108501 3.7942068576812744 142
1784402108516 3.8288609981536865 143
1784402108532 3.724903106689453 144
1784402108548 3.6720900535583496 145
1784402108563 3.862290859222412 146
1784402108582 3.751783847808838 147
1784402108597 3.7960829734802246 148
1784402108614 3.8368051052093506 149
1784402108629 3.767442464828491 150
1784402108645 3.729273796081543 151
1784402108663 3.7514960765838623 152
1784402108677 3.685328483581543 153
1784402108693 3.6770451068878174 154
1784402108708 3.683873414993286 155
1784402108723 3.753760576248169 156
1784402108739 3.8386778831481934 157
1784402108752 3.694218635559082 158
1784402108767 3.6499626636505127 159
1784402108785 3.8282668590545654 160
1784402108801 3.8128623962402344 161
1784402108817 3.7739014625549316 162
1784402108832 3.688121795654297 163
1784402108850 3.554114818572998 164
1784402108866 3.5299997329711914 165
1784402108882 3.629246473312378 166
1784402108897 3.6130764484405518 167
1784402108911 3.6790435314178467 168
1784402108927 3.7218384742736816 169
1784402108942 3.575105667114258 170
1784402108956 3.474703550338745 171
1784402108971 3.4906201362609863 172
1784402108984 3.6848394870758057 173
1784402108999 3.8311853408813477 174
1784402109015 3.4880318641662598 175
1784402109030 3.5677616596221924 176
1784402109052 3.605315923690796 177
1784402109074 3.6687140464782715 178
1784402109092 3.3159024715423584 179
1784402109112 3.6743316650390625 180
1784402109135 3.564762592315674 181
1784402109217 3.615720510482788 182
1784402109234 3.5217156410217285 183
1784402109259 3.4966793060302734 184
1784402109272 3.493159770965576 185
1784402109284 3.5515658855438232 186
1784402109298 3.50239896774292 187
1784402109313 3.700742721557617 188
1784402109330 3.5644750595092773 189
1784402109352 3.516084671020508 190
1784402109368 3.571721315383911 191
1784402109386 3.618040084838867 192
1784402109400 3.4617457389831543 193
1784402109418 3.60585880279541 194
1784402109435 3.6966774463653564 195
1784402109458 3.5648720264434814 196
1784402109478 3.521423816680908 197
1784402109492 3.6788387298583984 198
1784402109505 3.3768837451934814 199
1784402109523 3.3596038818359375 200
1784402109537 3.452786922454834 201
1784402109551 3.467890977859497 202
1784402109567 3.603365182876587 203
1784402109585 3.6410512924194336 204
1784402109601 3.5800836086273193 205
1784402109618 3.318835735321045 206
1784402109633 3.5454559326171875 207
1784402109649 3.4321439266204834 208
1784402109664 3.4989066123962402 209
1784402109683 3.5494377613067627 210
1784402109701 3.5047311782836914 211
1784402109716 3.4341073036193848 212
1784402109736 3.425074815750122 213
1784402109751 3.5665626525878906 214
1784402109766 3.3795766830444336 215
1784402109780 3.4705281257629395 216
1784402109798 3.590426445007324 217
1784402109814 3.3260228633880615 218
1784402109829 3.2369813919067383 219
1784402109845 3.4583518505096436 220
1784402109864 3.6919102668762207 221
1784402109878 3.5401298999786377 222
1784402109895 3.785262107849121 223
1784402109912 3.551597833633423 224
1784402109929 3.461668014526367 225
1784402109944 3.4489214420318604 226
1784402109959 3.274986982345581 227
1784402109980 3.6824498176574707 228
1784402109995 3.4961960315704346 229
1784402110011 3.5100502967834473 230
1784402110028 3.633922815322876 231
1784402110045 3.5540683269500732 232
1784402110062 3.5380077362060547 233
1784402110075 3.3422491550445557 234
1784402110089 3.6563801765441895 235
1784402110107 3.4729321002960205 236
1784402110123 3.3549225330352783 237
1784402110143 3.394534111022949 238
1784402110159 3.5786795616149902 239
1784402110176 3.521674156188965 240
1784402110192 3.429020881652832 241
1784402110209 3.2478201389312744 242
1784402110226 3.2963900566101074 243
1784402110243 3.1365180015563965 244
1784402110261 3.503014326095581 245
1784402110276 3.423086404800415 246
1784402110294 3.4376118183135986 247
1784402110831 3.3454461097717285 248
1784402110848 3.3155972957611084 249
1784402110867 3.2239043712615967 250
1784402110883 3.389451503753662 251
1784402110901 3.412978172302246 252
1784402110917 3.2150168418884277 253
1784402110937 3.310908079147339 254
1784402110951 3.3341848850250244 255
1784402110968 3.16682505607605 256
1784402110984 3.3241868019104004 257
1784402111002 3.2696943283081055 258
1784402111017 3.3299572467803955 259
1784402111032 3.44299054145813 260
1784402111051 3.2568976879119873 261
1784402111069 3.4601733684539795 262
1784402111092 3.29577374458313 263
1784402111107 3.5852277278900146 264
1784402111125 3.2815873622894287 265
1784402111144 3.2322847843170166 266
1784402111160 3.2188501358032227 267
1784402111179 3.2782278060913086 268
1784402111195 3.4309821128845215 269
1784402111210 3.392723321914673 270
1784402111227 3.303844451904297 271
1784402111250 3.308338165283203 272
1784402111266 3.458962917327881 273
1784402111282 3.5094194412231445 274
1784402111298 3.4344842433929443 275
1784402111316 3.3336312770843506 276
1784402111332 3.5210604667663574 277
1784402111347 3.4752037525177 278
1784402111364 3.47479510307312 279
1784402111384 3.386918067932129 280
1784402111401 3.270777940750122 281
1784402111417 3.1197829246520996 282
1784402111435 3.272806167602539 283
1784402111450 3.411496639251709 284
1784402111469 3.2541961669921875 285
1784402111485 3.2722792625427246 286
1784402111501 3.4893782138824463 287
1784402111517 3.5162460803985596 288
1784402111534 3.2312095165252686 289
1784402111549 3.5701262950897217 290
1784402111565 3.5390987396240234 291
1784402111583 3.197716236114502 292
1784402111600 3.41367244720459 293
1784402111617 3.4161951541900635 294
1784402111636 3.3376119136810303 295
1784402111650 3.2116498947143555 296
1784402111671 3.3989877700805664 297
1784402111683 3.434847831726074 298
1784402111702 3.535325527191162 299
1784402111718 3.484119415283203 300
1784402111732 3.273536205291748 301
1784402111748 3.344383478164673 302
1784402111764 3.2817907333374023 303
1784402111779 3.2816107273101807 304
1784402111796 3.40156888961792 305
1784402111815 3.293426752090454 306
1784402111830 3.1594836711883545 307
1784402111920 3.3419179916381836 308
1784402111936 3.2533318996429443 309
1784402111953 3.3449864387512207 310
1784402111973 3.2655014991760254 311
1784402111988 3.349750518798828 312
1784402112008 3.2882144451141357 313
1784402112032 3.1459290981292725 314
1784402112045 3.345930337905884 315
1784402112058 3.2552497386932373 316
1784402112075 3.2272555828094482 317
1784402112092 3.4359848499298096 318
1784402112112 3.2789597511291504 319
1784402112131 3.353323221206665 320
1784402112145 3.1739253997802734 321
1784402112161 3.317457675933838 322
1784402112179 3.1837985515594482 323
1784402112199 3.101376533508301 324
1784402112214 3.5124106407165527 325
1784402112228 3.1011862754821777 326
1784402112245 3.251488447189331 327
1784402112260 3.3598666191101074 328
1784402112276 3.1035633087158203 329
1784402112294 3.2919163703918457 330
1784402112317 3.198575973510742 331
1784402112335 3.410135269165039 332
1784402112351 3.21931529045105 333
1784402112368 3.041971445083618 334
1784402112385 3.293950319290161 335
1784402112403 3.2024190425872803 336
1784402112420 3.321237564086914 337
1784402112436 3.2082200050354004 338
1784402112453 3.198242664337158 339
1784402112471 3.3390138149261475 340
1784402112486 3.3537442684173584 341
1784402112501 3.2215030193328857 342
1784402112519 3.084523916244507 343
1784402112535 3.2278988361358643 344
1784402112551 3.1515846252441406 345
1784402112568 3.167370557785034 346
1784402112584 3.209686517715454 347
1784402112599 3.0944290161132812 348
1784402112614 3.06221079826355 349
1784402112629 3.2822442054748535 350
1784402112645 3.0375635623931885 351
1784402112659 3.084075450897217 352
1784402112675 3.274129629135132 353
1784402112690 3.110564947128296 354
1784402112704 2.995499610900879 355
1784402112719 3.3469595909118652 356
1784402112735 3.1987950801849365 357
1784402112752 3.210904121398926 358
1784402112767 3.3217344284057617 359
1784402112789 3.192003011703491 360
1784402112808 3.299109697341919 361
1784402112824 3.3362655639648438 362
1784402112843 3.234804630279541 363
1784402112858 3.223853826522827 364
1784402112875 3.207162380218506 365
1784402112891 3.1901931762695312 366
1784402112906 3.1873326301574707 367
1784402112920 3.2864582538604736 368
1784402112934 3.253793954849243 369
1784402112949 3.014981269836426 370
1784402112965 3.353156566619873 371
