1784281535659 741240.9375 0
1784281535854 351434.5 1
1784281535976 47457.3203125 2
1784281536045 52315.046875 3
1784281536120 55084.953125 4
1784281536209 58416.6796875 5
1784281536287 60211.6171875 6
1784281536364 61769.90625 7
1784281536406 61445.98046875 8
1784281536452 61894.37109375 9
1784281536489 62742.0703125 10
1784281536528 62415.421875 11
1784281536577 58189.2578125 12
1784281536632 54141.19921875 13
1784281536711 54096.96484375 14
1784281536777 52852.6328125 15
1784281536928 52031.8984375 16
1784281537360 49895.44140625 17
1784281537424 47602.890625 18
1784281537473 45508.98046875 19
1784281537521 44046.171875 20
1784281537565 42589.9609375 21
1784281537609 41456.40625 22
1784281537658 39763.4765625 23
1784281537704 37974.5546875 24
1784281537746 34674.484375 25
1784281537810 35932.109375 26
1784281537882 31095.04296875 27
1784281537983 30515.65234375 28
1784281538025 28876.5234375 29
1784281538062 25966.41796875 30
1784281538101 28861.2265625 31
1784281538138 22502.07421875 32
1784281538179 23755.59765625 33
1784281538221 22223.69921875 34
1784281538272 19732.21484375 35
1784281538368 19373.0625 36
1784281538494 17660.015625 37
1784281538543 18329.05078125 38
1784281538611 16178.009765625 39
1784281538678 19097.181640625 40
1784281538844 17269.96484375 41
1784281538903 18362.47265625 42
1784281538942 17198.16796875 43
1784281538983 17640.40234375 44
1784281539020 18710.142578125 45
1784281539074 16922.63671875 46
1784281539125 19562.6796875 47
1784281539173 15633.37109375 48
1784281539225 18051.373046875 49
1784281539342 16060.74609375 50
1784281539398 18664.443359375 51
1784281539431 16513.94921875 52
1784281539563 18194.92578125 53
1784281539609 18060.55859375 54
1784281539642 15967.251953125 55
1784281539677 17847.58203125 56
1784281539751 16558.1953125 57
1784281539939 17173.58984375 58
1784281539984 16006.3369140625 59
1784281540023 15949.7880859375 60
1784281540059 15019.5634765625 61
1784281540095 15334.5244140625 62
1784281540131 14274.43359375 63
1784281540165 14755.228515625 64
1784281540196 15117.4443359375 65
1784281540232 15186.611328125 66
1784281540268 14938.349609375 67
1784281540322 13842.2578125 68
1784281540372 15016.466796875 69
1784281540410 14535.0625 70
1784281540460 14544.533203125 71
1784281540496 14328.8349609375 72
1784281540545 14573.48828125 73
1784281540592 13476.9091796875 74
1784281540624 15349.60546875 75
1784281540656 12667.541015625 76
1784281540687 14211.0390625 77
1784281540720 14766.0 78
1784281540753 13135.26953125 79
1784281540784 13650.896484375 80
1784281540817 15360.048828125 81
1784281540844 14138.208984375 82
1784281540877 13726.326171875 83
1784281540906 14235.869140625 84
1784281540941 14404.5107421875 85
1784281540976 15029.486328125 86
1784281541007 13381.3134765625 87
1784281541037 14071.1328125 88
1784281541067 15470.041015625 89
1784281541099 13738.4306640625 90
1784281541128 13623.58203125 91
1784281541167 13586.462890625 92
1784281541207 14275.458984375 93
1784281541252 14585.576171875 94
1784281541290 14238.146484375 95
1784281541328 13359.1396484375 96
1784281541368 13846.232421875 97
1784281541402 13858.041015625 98
1784281541434 14329.705078125 99
1784281541466 14377.892578125 100
1784281541500 14294.931640625 101
1784281541537 13760.3076171875 102
1784281541575 14387.7421875 103
1784281541609 13466.8759765625 104
1784281541646 13965.65625 105
1784281541678 13904.4375 106
1784281541719 12397.111328125 107
1784281541752 14236.337890625 108
1784281541790 15133.7109375 109
1784281541828 13198.43359375 110
1784281541860 14087.505859375 111
1784281541987 15128.1796875 112
1784281542022 14324.20703125 113
1784281542077 13299.931640625 114
1784281542110 13463.580078125 115
1784281542145 14498.095703125 116
1784281542193 13022.0302734375 117
1784281542239 13438.0078125 118
1784281542280 14034.462890625 119
1784281542313 13617.4931640625 120
1784281542351 13086.419921875 121
1784281542388 14254.548828125 122
1784281542422 13364.3623046875 123
1784281542457 14294.890625 124
1784281542496 14661.7255859375 125
1784281542528 13464.017578125 126
1784281542572 14437.15625 127
1784281542612 13590.75 128
1784281542656 13742.412109375 129
1784281542692 13444.57421875 130
1784281542735 13804.2578125 131
1784281542768 13501.671875 132
1784281542804 14804.880859375 133
1784281542843 14013.4404296875 134
1784281542880 13675.1826171875 135
1784281542916 13860.3125 136
1784281542955 14809.7705078125 137
1784281543001 13307.271484375 138
1784281543042 12998.77734375 139
1784281543074 12837.7109375 140
1784281543114 15346.9453125 141
1784281543143 12566.349609375 142
1784281543184 15124.6650390625 143
1784281543231 13908.326171875 144
1784281543269 14183.177734375 145
1784281543307 13315.560546875 146
1784281543340 13723.01171875 147
1784281543508 13446.18359375 148
1784281543564 13439.6796875 149
1784281543594 15257.0537109375 150
1784281543625 12841.669921875 151
1784281543656 12960.0498046875 152
1784281543689 13792.7607421875 153
1784281543722 16032.37890625 154
1784281543757 13791.537109375 155
1784281543796 17372.4921875 156
1784281543834 17104.46484375 157
1784281543863 14431.6533203125 158
1784281543892 15914.990234375 159
1784281543937 13505.216796875 160
1784281543975 13792.986328125 161
1784281544008 14010.642578125 162
1784281544042 12493.84375 163
1784281544076 12996.0888671875 164
1784281544113 13782.177734375 165
1784281544150 13627.625 166
1784281544187 12909.865234375 167
1784281544217 14062.1357421875 168
1784281544251 13504.541015625 169
1784281544285 14131.203125 170
1784281544319 13515.0244140625 171
1784281544454 14036.3046875 172
1784281544505 12939.65625 173
1784281544539 12697.9921875 174
1784281544578 13293.82421875 175
1784281544613 12925.0556640625 176
1784281544653 12986.234375 177
1784281544692 13208.9482421875 178
1784281544727 14687.33203125 179
1784281544757 13061.611328125 180
1784281544788 12922.8203125 181
1784281544819 14443.7939453125 182
1784281544859 13831.09765625 183
1784281544893 13660.42578125 184
1784281544928 13185.583984375 185
1784281544959 14341.71484375 186
1784281544998 13738.12890625 187
1784281545035 13276.6171875 188
1784281545069 13130.7578125 189
1784281545102 14007.474609375 190
1784281545138 12740.6875 191
1784281545176 12119.841796875 192
1784281545219 13563.19921875 193
1784281545257 14922.4501953125 194
1784281545303 13023.533203125 195
1784281545352 13473.517578125 196
1784281545389 12512.783203125 197
1784281545423 13456.150390625 198
1784281545464 14356.154296875 199
1784281545507 13804.2353515625 200
1784281545550 15765.185546875 201
1784281545583 14061.767578125 202
1784281545618 14705.0908203125 203
1784281545659 15874.939453125 204
1784281545812 13324.3203125 205
1784281545867 16854.515625 206
1784281545899 16369.82421875 207
1784281545942 13630.328125 208
1784281545973 16991.359375 209
1784281546007 17349.60546875 210
1784281546037 13946.3974609375 211
1784281546062 17092.578125 212
1784281546090 17703.98828125 213
1784281546120 15698.705078125 214
1784281546151 14269.0234375 215
1784281546186 16105.02734375 216
1784281546223 14917.408203125 217
1784281546258 15419.619140625 218
1784281546291 15537.2197265625 219
1784281546329 13637.5546875 220
1784281546367 15788.13671875 221
1784281546403 15253.9609375 222
1784281546437 14148.2265625 223
1784281546472 16590.869140625 224
1784281546505 17126.892578125 225
1784281546541 14620.4697265625 226
1784281546577 15513.841796875 227
1784281546612 16772.7421875 228
1784281546649 15561.3505859375 229
1784281546690 13321.46484375 230
1784281546729 15032.9111328125 231
1784281546768 13848.2734375 232
1784281546805 14376.189453125 233
1784281546844 14766.3623046875 234
1784281546887 13568.3369140625 235
1784281546924 14385.66796875 236
1784281546959 13669.822265625 237
1784281547001 14363.28515625 238
1784281547037 13807.41015625 239
1784281547071 12546.052734375 240
1784281547102 13095.2373046875 241
1784281547135 14788.736328125 242
1784281547168 13019.365234375 243
1784281547204 14044.2724609375 244
1784281547238 13922.76953125 245
1784281547377 15368.478515625 246
1784281547435 14044.826171875 247
1784281547469 13470.5439453125 248
1784281547504 16211.306640625 249
1784281547537 15551.8134765625 250
1784281547571 13528.7373046875 251
1784281547606 12864.71875 252
1784281547642 13722.8564453125 253
1784281547679 12711.236328125 254
1784281547709 13319.798828125 255
1784281547744 12967.7890625 256
1784281547777 13293.544921875 257
1784281547815 12888.53125 258
1784281547850 12755.09765625 259
1784281547884 13684.8916015625 260
1784281547919 13196.9326171875 261
1784281547957 13758.490234375 262
1784281548001 12948.47265625 263
1784281548040 13201.0732421875 264
1784281548081 11594.7744140625 265
1784281548118 13039.6572265625 266
1784281548154 12982.92578125 267
1784281548190 13004.3046875 268
1784281548231 13227.5537109375 269
1784281548271 13257.0986328125 270
1784281548306 13288.7626953125 271
1784281548341 13195.84375 272
1784281548373 13114.91796875 273
1784281548405 12663.76171875 274
1784281548442 12677.4931640625 275
1784281548469 12013.8740234375 276
1784281548507 13362.09765625 277
1784281548546 12981.97265625 278
1784281548581 13149.033203125 279
1784281548617 12588.23046875 280
1784281548652 13390.2578125 281
1784281548688 13241.162109375 282
1784281548724 13768.34375 283
1784281548762 13197.61328125 284
1784281548798 12293.224609375 285
1784281548835 13085.4140625 286
1784281548872 12521.92578125 287
1784281548906 12178.2197265625 288
1784281548945 13061.2294921875 289
1784281548978 14441.13671875 290
1784281549012 13106.19140625 291
1784281549044 13237.2421875 292
1784281549073 13028.4560546875 293
1784281549103 13356.12109375 294
1784281549133 13691.109375 295
1784281549164 13553.86328125 296
1784281549190 14015.8203125 297
1784281549217 12205.193359375 298
1784281549245 13876.4306640625 299
1784281549272 13447.67578125 300
1784281549300 13193.7578125 301
1784281549332 13637.986328125 302
1784281549358 13205.431640625 303
1784281549391 13100.1640625 304
1784281549424 12897.0166015625 305
1784281549463 12528.75390625 306
1784281549502 13520.6044921875 307
1784281549556 13440.1181640625 308
1784281549587 13176.740234375 309
1784281549708 13572.2421875 310
1784281549754 13187.66796875 311
1784281549781 12093.142578125 312
1784281549809 13490.41796875 313
1784281549836 12488.4921875 314
1784281549872 12557.0205078125 315
1784281549905 14222.669921875 316
1784281549940 14038.6767578125 317
1784281549976 15100.85546875 318
1784281550016 14749.05859375 319
1784281550051 12724.90234375 320
1784281550087 15395.251953125 321
1784281550122 16804.767578125 322
1784281550158 13833.96484375 323
1784281550195 14642.7060546875 324
1784281550232 16742.66796875 325
1784281550266 15880.701171875 326
1784281550302 13806.1513671875 327
1784281550337 17021.818359375 328
1784281550372 18792.8828125 329
1784281550408 16427.74609375 330
1784281550454 13806.7294921875 331
1784281550493 16455.08984375 332
1784281550555 17981.484375 333
1784281550590 17169.275390625 334
1784281550632 15430.904296875 335
1784281550673 14448.5234375 336
1784281550729 16586.419921875 337
1784281550789 16193.1435546875 338
1784281550823 13727.7734375 339
1784281550887 15373.80078125 340
1784281550927 15852.455078125 341
1784281550960 14516.365234375 342
1784281550997 13564.810546875 343
1784281551071 15485.87890625 344
1784281551132 14304.408203125 345
1784281551180 13142.955078125 346
1784281551218 13543.9931640625 347
1784281551255 13882.216796875 348
1784281551289 13924.9697265625 349
1784281551325 14221.5478515625 350
1784281551358 13415.177734375 351
1784281551404 13275.033203125 352
1784281551443 12783.7265625 353
1784281551478 12973.6884765625 354
1784281551511 13849.388671875 355
1784281551544 12975.6650390625 356
1784281551573 12750.0 357
1784281551606 12081.716796875 358
1784281551639 12974.990234375 359
1784281551669 13716.6943359375 360
1784281551701 13233.232421875 361
1784281551733 12899.31640625 362
1784281551774 12995.66015625 363
1784281551908 13205.169921875 364
1784281551941 12776.701171875 365
1784281551976 12463.4052734375 366
1784281552021 14101.47265625 367
1784281552048 12460.6181640625 368
1784281552088 12690.046875 369
1784281552124 12670.6513671875 370
1784281552166 12741.318359375 371
1784281552203 13564.9521484375 372
1784281552242 13659.845703125 373
1784281552279 13776.1376953125 374
1784281552315 12103.3720703125 375
1784281552354 13358.2890625 376
1784281552388 13536.3623046875 377
1784281552430 12605.4375 378
1784281552464 13924.259765625 379
1784281552498 13229.9306640625 380
1784281552533 12992.88671875 381
1784281552575 13022.677734375 382
1784281552622 12700.775390625 383
1784281552661 13217.4521484375 384
1784281552696 12873.044921875 385
1784281552734 14029.6513671875 386
1784281552769 12611.6474609375 387
1784281552802 14528.08203125 388
1784281552837 13458.5732421875 389
1784281552872 12957.9541015625 390
1784281552908 14094.18359375 391
1784281552942 13751.3349609375 392
1784281552984 14510.91015625 393
1784281553033 12184.02734375 394
1784281553078 13271.294921875 395
1784281553119 13159.142578125 396
1784281553171 13569.9833984375 397
1784281553215 13646.1875 398
1784281553256 13257.197265625 399
1784281553290 15010.7568359375 400
1784281553327 15186.9150390625 401
1784281553365 13177.61328125 402
1784281553399 15067.4853515625 403
1784281553435 16152.15625 404
1784281553473 14005.0439453125 405
1784281553512 15444.783203125 406
1784281553549 15959.15625 407
1784281553585 15109.169921875 408
1784281553622 12638.2294921875 409
1784281553661 14925.96484375 410
1784281553787 14635.30078125 411
1784281553821 12996.6240234375 412
1784281553856 13697.0625 413
1784281553892 12924.826171875 414
1784281553927 13244.951171875 415
1784281553981 13249.451171875 416
1784281554015 13050.72265625 417
1784281554049 13519.18359375 418
1784281554083 14684.5234375 419
1784281554118 14008.26171875 420
1784281554152 13919.2841796875 421
1784281554189 15482.08203125 422
1784281554224 12302.27734375 423
1784281554262 13216.947265625 424
1784281554299 13394.353515625 425
1784281554331 13123.607421875 426
1784281554367 13828.0791015625 427
1784281554404 13561.353515625 428
1784281554443 14313.966796875 429
1784281554482 14425.55859375 430
1784281554522 13548.478515625 431
1784281554559 13341.025390625 432
1784281554590 13496.62109375 433
1784281554618 13467.546875 434
1784281554756 13495.158203125 435
1784281554809 13599.390625 436
1784281554842 14017.58984375 437
1784281554882 13480.875 438
1784281554915 14247.28125 439
1784281554953 13904.5390625 440
1784281554992 13411.92578125 441
1784281555027 13821.8359375 442
1784281555067 12868.02734375 443
1784281555104 12873.244140625 444
1784281555140 12557.5439453125 445
1784281555179 13612.78125 446
1784281555214 13300.5537109375 447
1784281555250 13336.6650390625 448
1784281555292 12863.017578125 449
1784281555336 14512.70703125 450
1784281555389 14182.75 451
1784281555496 14277.7529296875 452
1784281555532 14173.06640625 453
1784281555564 14216.837890625 454
1784281555598 12553.955078125 455
1784281555638 13663.59375 456
1784281555666 12454.091796875 457
1784281555698 14329.1044921875 458
1784281555728 14060.984375 459
1784281555772 13565.2265625 460
1784281555808 12675.3251953125 461
1784281555852 13092.8671875 462
1784281555887 13307.3095703125 463
1784281555926 13375.71484375 464
1784281555965 13068.091796875 465
1784281556004 13309.388671875 466
1784281556042 14324.908203125 467
1784281556081 13329.376953125 468
1784281556119 12791.4111328125 469
1784281556158 14426.6474609375 470
1784281556196 13726.5771484375 471
1784281556229 13088.912109375 472
1784281556355 13577.4697265625 473
1784281556388 13401.125 474
1784281556426 12427.77734375 475
1784281556463 13190.8857421875 476
1784281556497 13737.970703125 477
1784281556534 13708.9765625 478
1784281556573 13346.75390625 479
1784281556614 13237.03515625 480
1784281556648 13434.296875 481
1784281556685 12920.7822265625 482
1784281556720 12530.3486328125 483
1784281556754 13733.6796875 484
1784281556797 12115.4208984375 485
1784281556842 14021.166015625 486
1784281556881 14875.01171875 487
1784281556934 12383.06640625 488
1784281556976 14288.6357421875 489
1784281557016 14869.1875 490
1784281557073 12894.796875 491
1784281557116 15184.4580078125 492
1784281557156 15589.39453125 493
1784281557198 14774.9140625 494
1784281557233 13338.521484375 495
1784281557271 14344.845703125 496
1784281557305 13944.4736328125 497
1784281557340 13593.2890625 498
1784281557379 15047.1865234375 499
1784281557410 13868.59765625 500
1784281557446 14023.03515625 501
1784281557579 15361.4892578125 502
1784281557613 13705.1416015625 503
1784281557648 15443.390625 504
1784281557683 15869.197265625 505
1784281557722 14299.8662109375 506
1784281557779 14049.0234375 507
1784281557819 14239.416015625 508
1784281557853 14426.1611328125 509
1784281557894 13512.466796875 510
1784281557927 14363.1328125 511
1784281557969 13160.322265625 512
1784281558009 13807.8671875 513
1784281558053 12995.5791015625 514
1784281558097 14353.505859375 515
1784281558136 11555.427734375 516
1784281558180 13885.06640625 517
1784281558236 13199.05859375 518
1784281558280 14352.0390625 519
1784281558323 14686.19921875 520
1784281558359 12508.599609375 521
1784281558399 13401.1171875 522
1784281558437 13223.529296875 523
1784281558473 13575.9072265625 524
1784281558510 13613.03515625 525
1784281558547 14030.298828125 526
1784281558582 13471.015625 527
1784281558616 13423.857421875 528
1784281558650 13468.375 529
1784281558770 13788.337890625 530
1784281558809 13892.625 531
1784281558858 13668.509765625 532
1784281558894 13717.9287109375 533
1784281558935 13695.5380859375 534
1784281558973 13198.724609375 535
1784281559008 13421.62109375 536
1784281559043 13891.583984375 537
1784281559077 12362.126953125 538
1784281559121 13317.169921875 539
1784281559161 12749.130859375 540
1784281559199 13671.37109375 541
1784281559235 12875.99609375 542
1784281559271 13419.28515625 543
1784281559308 14291.3349609375 544
1784281559340 11660.3515625 545
1784281559470 13407.220703125 546
1784281559519 13473.0791015625 547
1784281559582 12453.6875 548
1784281559618 13968.23828125 549
1784281559664 13376.83984375 550
1784281559707 13783.97265625 551
1784281559748 13999.875 552
1784281559788 12541.474609375 553
1784281559836 13736.91796875 554
1784281559885 13338.8759765625 555
1784281559921 13581.166015625 556
1784281559956 13080.5322265625 557
1784281559994 12577.2568359375 558
1784281560032 12768.3828125 559
1784281560071 12998.58984375 560
1784281560114 13387.455078125 561
1784281560158 13680.513671875 562
1784281560280 14363.822265625 563
1784281560314 14072.099609375 564
1784281560350 12899.83203125 565
1784281560404 13137.685546875 566
1784281560436 13868.2841796875 567
1784281560474 13085.265625 568
1784281560509 12813.21484375 569
1784281560545 13521.888671875 570
1784281560579 13534.32421875 571
1784281560617 12976.1455078125 572
1784281560653 14132.1875 573
1784281560692 13072.427734375 574
1784281560734 13026.953125 575
1784281560776 14020.435546875 576
1784281560815 13655.7763671875 577
1784281560853 13463.1796875 578
1784281560889 13230.208984375 579
1784281560930 14153.2490234375 580
1784281560961 13390.1787109375 581
1784281561089 12714.412109375 582
1784281561140 13527.779296875 583
1784281561176 13292.900390625 584
1784281561215 13835.333984375 585
1784281561251 13335.994140625 586
1784281561287 13180.33984375 587
1784281561320 13773.666015625 588
1784281561360 13645.6572265625 589
1784281561400 12801.16015625 590
1784281561452 13709.1357421875 591
1784281561552 13791.78125 592
1784281561591 13902.2568359375 593
1784281561628 13238.32421875 594
1784281561679 13984.4970703125 595
1784281561719 12712.3232421875 596
1784281561772 13441.333984375 597
1784281561931 13219.705078125 598
1784281561987 13571.4453125 599
1784281562059 12491.056640625 600
1784281562106 14260.4599609375 601
1784281562190 13113.3564453125 602
1784281562231 13871.37109375 603
1784281562278 13869.779296875 604
1784281562319 12968.75 605
1784281562354 13971.38671875 606
1784281562393 13190.0322265625 607
1784281562440 12906.576171875 608
1784281562478 12981.171875 609
1784281562515 12817.1533203125 610
1784281562551 13828.8486328125 611
1784281562586 13234.33984375 612
1784281562622 12930.7880859375 613
1784281562659 13210.564453125 614
1784281562791 12464.16015625 615
1784281562836 12771.7568359375 616
1784281562890 12612.904296875 617
1784281562936 13465.5888671875 618
1784281562983 12857.197265625 619
1784281563033 13575.701171875 620
1784281563076 12450.689453125 621
1784281563116 12984.1064453125 622
1784281563158 12792.314453125 623
1784281563198 13278.646484375 624
1784281563239 13540.7255859375 625
1784281563279 12352.078125 626
1784281563315 12934.724609375 627
1784281563359 13405.7724609375 628
1784281563397 13023.138671875 629
1784281563432 12486.673828125 630
1784281563468 13258.1787109375 631
1784281563506 12950.8056640625 632
1784281563547 12240.783203125 633
1784281563587 13658.646484375 634
1784281563629 13881.2294921875 635
1784281563770 13728.037109375 636
1784281563805 12492.50390625 637
1784281563842 13092.583984375 638
1784281563879 14460.669921875 639
1784281563915 11849.6552734375 640
1784281563953 13279.326171875 641
1784281563996 12553.1484375 642
1784281564031 13795.4921875 643
1784281564069 12970.3837890625 644
1784281564106 11884.150390625 645
1784281564145 13221.6025390625 646
1784281564199 11761.580078125 647
1784281564247 12964.7314453125 648
1784281564290 13569.7822265625 649
1784281564332 13117.92578125 650
1784281564376 12412.21484375 651
1784281564412 13140.2998046875 652
1784281564448 12753.494140625 653
1784281564518 13150.291015625 654
1784281564568 12906.154296875 655
1784281564613 13281.037109375 656
1784281564664 13759.76171875 657
1784281564701 12307.25 658
1784281564737 12345.72265625 659
1784281564864 12840.8408203125 660
1784281564898 13170.892578125 661
1784281564935 13743.0048828125 662
1784281564987 13620.380859375 663
1784281565023 12669.111328125 664
1784281565060 12580.78515625 665
1784281565095 14053.671875 666
1784281565131 12757.45703125 667
1784281565173 14216.60546875 668
1784281565215 13335.14453125 669
1784281565266 12408.953125 670
1784281565337 13628.931640625 671
1784281565403 13733.28515625 672
1784281565581 14107.1259765625 673
1784281565638 12991.5029296875 674
1784281565676 12938.3525390625 675
1784281565716 12854.158203125 676
1784281565764 12796.453125 677
1784281565801 13291.740234375 678
1784281565832 12423.931640625 679
1784281565864 15582.1845703125 680
1784281565896 14817.302734375 681
1784281565927 13295.982421875 682
1784281565955 13817.2294921875 683
1784281565986 14900.447265625 684
1784281566017 13811.62109375 685
1784281566130 14706.0966796875 686
1784281566167 15400.1640625 687
1784281566211 14812.904296875 688
1784281566249 13457.388671875 689
1784281566286 13972.677734375 690
1784281566325 14044.00390625 691
1784281566366 13735.9599609375 692
1784281566412 14326.021484375 693
1784281566453 12655.1396484375 694
1784281566496 14743.3994140625 695
1784281566532 15200.16796875 696
1784281566568 13458.447265625 697
1784281566613 14477.6923828125 698
1784281566657 14970.033203125 699
1784281566702 14455.90234375 700
1784281566746 13844.486328125 701
1784281566788 14719.619140625 702
1784281566823 13457.3916015625 703
1784281566863 14205.4716796875 704
1784281566900 13827.234375 705
1784281566936 14173.4892578125 706
1784281566979 14375.7548828125 707
1784281567018 15345.091796875 708
1784281567152 13531.82421875 709
1784281567192 13330.859375 710
1784281567239 14498.33984375 711
1784281567275 12895.517578125 712
1784281567313 13442.3447265625 713
1784281567349 14162.7333984375 714
1784281567386 12891.4912109375 715
1784281567428 14930.853515625 716
1784281567474 14659.263671875 717
1784281567515 13301.291015625 718
1784281567561 13979.9462890625 719
1784281567602 14221.544921875 720
1784281567641 13408.85546875 721
1784281567685 14894.5791015625 722
1784281567732 14926.0185546875 723
1784281567769 15493.4736328125 724
1784281567804 13327.634765625 725
1784281567842 14760.5244140625 726
1784281567876 13750.49609375 727
1784281567910 13590.5 728
1784281567947 13521.2490234375 729
1784281567985 12408.9326171875 730
1784281568020 13995.2978515625 731
1784281568055 11839.1494140625 732
1784281568092 13121.9404296875 733
1784281568125 13021.439453125 734
1784281568159 12003.255859375 735
1784281568199 13816.28515625 736
1784281568239 12919.166015625 737
1784281568277 12671.51171875 738
1784281568311 13153.8125 739
1784281568349 13097.03515625 740
1784281568386 14229.05078125 741
1784281568425 12983.1328125 742
1784281568468 14362.435546875 743
1784281568510 13612.4345703125 744
1784281568552 13475.44921875 745
1784281568597 13503.85546875 746
1784281568641 12527.001953125 747
1784281568676 13279.0322265625 748
1784281568712 13127.076171875 749
1784281568827 13535.228515625 750
1784281568861 13144.8505859375 751
1784281568897 13297.7666015625 752
1784281568949 13616.517578125 753
1784281568984 11981.787109375 754
1784281569021 11750.7978515625 755
1784281569058 11774.533203125 756
1784281569095 13335.8935546875 757
1784281569130 13312.447265625 758
1784281569166 12811.072265625 759
1784281569206 12419.4150390625 760
1784281569244 12842.498046875 761
1784281569281 13126.0029296875 762
1784281569317 13414.671875 763
1784281569353 12468.21484375 764
1784281569389 14295.515625 765
1784281569431 12322.888671875 766
1784281569462 12971.8486328125 767
1784281569613 13461.2861328125 768
1784281569644 13590.283203125 769
1784281569683 12950.8544921875 770
1784281569714 15048.025390625 771
1784281569757 14163.57421875 772
1784281569796 12819.47265625 773
1784281569833 14177.111328125 774
1784281569869 12854.216796875 775
1784281569901 13762.46484375 776
1784281569935 12936.751953125 777
1784281569966 12289.177734375 778
1784281570003 13612.76953125 779
1784281570050 12857.0546875 780
1784281570087 13849.396484375 781
1784281570124 12299.1171875 782
1784281570170 12979.0234375 783
1784281570227 12916.6259765625 784
1784281570265 13693.423828125 785
1784281570302 14176.3671875 786
1784281570434 12985.716796875 787
1784281570471 13373.0009765625 788
1784281570521 12242.0859375 789
1784281570567 13933.8203125 790
1784281570614 12707.2919921875 791
1784281570661 12986.36328125 792
1784281570706 12768.38671875 793
1784281570745 13465.328125 794
1784281570785 12992.1259765625 795
1784281570823 13750.296875 796
1784281570863 12041.9140625 797
1784281570901 13385.740234375 798
1784281570938 12741.50390625 799
1784281570980 12278.1171875 800
1784281571014 13321.7431640625 801
1784281571053 13211.013671875 802
1784281571088 13250.4609375 803
1784281571211 12459.875 804
1784281571250 13624.9189453125 805
1784281571298 13122.119140625 806
1784281571334 12999.1083984375 807
1784281571369 13072.544921875 808
1784281571408 12214.498046875 809
1784281571448 12579.79296875 810
1784281571483 12860.796875 811
1784281571527 12844.43359375 812
1784281571571 12625.5244140625 813
1784281571614 13296.8935546875 814
1784281571656 12147.919921875 815
1784281571693 12863.9228515625 816
1784281571730 13016.634765625 817
1784281571766 13995.5107421875 818
1784281571804 13578.876953125 819
1784281571840 13443.423828125 820
1784281571877 13764.5107421875 821
1784281571911 13514.43359375 822
1784281571945 12567.3134765625 823
1784281571980 13644.26953125 824
1784281572021 13451.548828125 825
1784281572054 13428.779296875 826
1784281572093 13213.818359375 827
1784281572127 12678.0361328125 828
1784281572177 14296.568359375 829
1784281572227 12993.421875 830
1784281572272 14190.5390625 831
1784281572313 13741.6435546875 832
1784281572361 13360.3046875 833
1784281572397 13466.169921875 834
1784281572432 12856.9375 835
1784281572467 13639.400390625 836
1784281572504 13436.701171875 837
1784281572537 12852.490234375 838
1784281572672 13521.974609375 839
1784281572708 12768.623046875 840
1784281572753 12228.0361328125 841
1784281572785 12713.5 842
1784281572818 12977.53515625 843
1784281572856 12526.4453125 844
1784281572892 13457.142578125 845
1784281572932 12131.91015625 846
1784281572967 12817.0341796875 847
1784281573001 12864.591796875 848
1784281573036 13349.7001953125 849
1784281573077 12822.8984375 850
1784281573112 13065.8076171875 851
1784281573151 12601.498046875 852
1784281573195 14466.6162109375 853
1784281573238 12744.208984375 854
1784281573277 12043.1953125 855
1784281573317 13621.94921875 856
1784281573361 12849.630859375 857
1784281573400 14250.609375 858
1784281573428 15052.9140625 859
1784281573583 13639.79296875 860
1784281573633 14343.41015625 861
1784281573669 13992.85546875 862
1784281573717 12724.740234375 863
1784281573761 14471.11328125 864
1784281573798 15529.580078125 865
1784281573836 14440.0224609375 866
1784281573875 13895.3603515625 867
1784281573908 14479.208984375 868
1784281573945 12821.328125 869
1784281573983 14332.615234375 870
1784281574019 14585.5146484375 871
1784281574074 13825.474609375 872
1784281574213 14681.046875 873
1784281574265 13761.345703125 874
1784281574298 13132.3046875 875
1784281574339 14489.05859375 876
1784281574377 15327.060546875 877
1784281574416 14237.0859375 878
1784281574456 13697.212890625 879
1784281574496 13972.560546875 880
1784281574532 13334.4453125 881
1784281574568 14180.6875 882
1784281574604 14480.416015625 883
1784281574640 13337.451171875 884
1784281574676 14930.41796875 885
1784281574708 15275.8544921875 886
1784281574745 12897.6181640625 887
1784281574785 14347.5859375 888
1784281574820 14672.115234375 889
1784281574979 14507.626953125 890
1784281575033 12648.009765625 891
1784281575089 14947.3408203125 892
1784281575128 14490.2587890625 893
1784281575162 12820.7529296875 894
1784281575199 13554.087890625 895
1784281575235 14331.439453125 896
1784281575269 13150.4462890625 897
1784281575304 13839.203125 898
1784281575342 12882.7216796875 899
1784281575379 14606.82421875 900
1784281575416 13612.34765625 901
1784281575452 14164.87109375 902
1784281575490 14253.732421875 903
1784281575524 14649.3505859375 904
1784281575562 13383.4306640625 905
1784281575604 14059.302734375 906
1784281575646 14385.7109375 907
1784281575781 14141.8505859375 908
1784281575827 13135.42578125 909
1784281575876 13817.220703125 910
1784281575907 12571.966796875 911
1784281575938 13752.462890625 912
1784281575975 15307.9921875 913
1784281576013 14407.88671875 914
1784281576054 13457.28515625 915
1784281576103 14240.4423828125 916
1784281576138 13845.7392578125 917
1784281576175 14258.38671875 918
1784281576210 14150.65625 919
1784281576248 13758.626953125 920
1784281576284 14028.369140625 921
1784281576319 14713.505859375 922
1784281576358 12896.5107421875 923
1784281576385 14579.927734375 924
1784281576416 14728.693359375 925
1784281576448 14384.6728515625 926
1784281576481 13834.58203125 927
1784281576526 14034.35546875 928
1784281576566 12581.859375 929
1784281576602 12980.146484375 930
1784281576756 13810.720703125 931
1784281576802 13221.9482421875 932
1784281576837 14108.2177734375 933
1784281576877 14793.7529296875 934
1784281576913 12868.921875 935
1784281576950 14046.09765625 936
1784281579224 15240.4404296875 937
1784281579264 14499.6591796875 938
1784281579301 12897.09765625 939
1784281579337 14071.2421875 940
1784281579376 13415.21875 941
1784281579411 12632.517578125 942
1784281579447 12701.8671875 943
1784281579481 13373.29296875 944
1784281579515 13681.982421875 945
1784281579550 12359.08203125 946
1784281579587 13402.2958984375 947
1784281579620 13095.337890625 948
1784281579739 12306.25 949
1784281579778 12943.8427734375 950
1784281579814 12222.9677734375 951
1784281579851 13042.23828125 952
1784281579879 12401.7890625 953
1784281579908 13113.7578125 954
1784281579947 13015.7392578125 955
1784281579981 12426.31640625 956
1784281580019 13269.96875 957
1784281580048 12742.341796875 958
1784281580081 13184.2626953125 959
1784281580118 13104.029296875 960
1784281580152 12854.62109375 961
1784281580181 13340.458984375 962
1784281580224 13128.9140625 963
1784281580260 12927.38671875 964
1784281580295 12965.80078125 965
1784281580421 12620.693359375 966
1784281580455 13130.939453125 967
1784281580486 13143.9921875 968
1784281580524 12631.28125 969
1784281580566 12415.9296875 970
1784281580601 11939.3994140625 971
1784281580641 14258.66796875 972
1784281580671 13183.7607421875 973
1784281580708 12310.15234375 974
1784281580744 12925.658203125 975
1784281580783 13172.72265625 976
1784281580816 12480.3603515625 977
1784281580850 13275.86328125 978
1784281580887 12533.6484375 979
1784281580930 12374.107421875 980
1784281580969 13323.1572265625 981
1784281581111 12745.0859375 982
1784281581164 13243.1162109375 983
1784281581193 12890.396484375 984
1784281581229 12201.505859375 985
1784281581263 13016.158203125 986
1784281581294 13596.294921875 987
1784281581332 13228.0361328125 988
1784281581365 11886.1875 989
1784281581401 12713.1611328125 990
1784281581446 12880.3115234375 991
1784281581485 12602.98828125 992
1784281581524 13152.58984375 993
1784281581562 13139.697265625 994
1784281581667 13359.955078125 995
1784281581698 13914.568359375 996
1784281581742 12413.65625 997
1784281581778 13401.19921875 998
1784281581814 12865.931640625 999
1784281581859 12889.873046875 1000
1784281581890 12562.67578125 1001
1784281581923 12653.625 1002
1784281581958 12852.009765625 1003
1784281581989 12450.126953125 1004
1784281582028 13248.638671875 1005
1784281582059 13229.111328125 1006
1784281582094 13392.3984375 1007
1784281582128 13041.357421875 1008
1784281582168 13185.12890625 1009
1784281582291 13460.17578125 1010
1784281582329 13721.107421875 1011
1784281582365 12909.384765625 1012
1784281582397 12677.0654296875 1013
1784281582433 13163.509765625 1014
1784281582463 13008.498046875 1015
1784281582500 13530.3427734375 1016
1784281582538 12698.966796875 1017
1784281582575 12132.1552734375 1018
1784281582609 13220.01953125 1019
1784281582641 12906.0009765625 1020
1784281582673 12754.43359375 1021
1784281582737 12080.46484375 1022
1784281582812 13494.0751953125 1023
1784281582848 12755.4970703125 1024
1784281582882 12950.052734375 1025
1784281582916 13411.8662109375 1026
1784281582953 12941.8388671875 1027
1784281582981 12604.8671875 1028
1784281583015 12799.1376953125 1029
1784281583049 12918.3828125 1030
1784281583087 12745.203125 1031
1784281583119 12928.5078125 1032
1784281583158 13349.2890625 1033
1784281583191 12863.47265625 1034
1784281583224 12217.625 1035
1784281583261 12572.8603515625 1036
1784281583298 13035.263671875 1037
1784281583404 13031.689453125 1038
1784281583451 13745.951171875 1039
1784281583490 12672.5869140625 1040
1784281583544 13017.619140625 1041
1784281583583 12798.578125 1042
1784281583617 12999.498046875 1043
1784281583648 13635.498046875 1044
1784281583685 13484.939453125 1045
1784281583725 13184.474609375 1046
1784281583760 14194.166015625 1047
1784281583799 13994.490234375 1048
1784281583833 12635.25390625 1049
1784281583871 14612.140625 1050
1784281583971 15312.759765625 1051
1784281584008 13689.1767578125 1052
1784281584040 14454.2392578125 1053
1784281584072 14307.666015625 1054
1784281584129 12793.7734375 1055
1784281584163 13801.2861328125 1056
1784281584197 15560.701171875 1057
1784281584236 13218.51171875 1058
1784281584269 14533.076171875 1059
1784281584307 15215.7900390625 1060
1784281584342 14833.904296875 1061
1784281584374 13583.1875 1062
1784281584407 13471.9306640625 1063
1784281584441 13945.283203125 1064
1784281584475 13070.6220703125 1065
1784281584583 14509.671875 1066
1784281584617 12609.3681640625 1067
1784281584652 14828.2431640625 1068
1784281584681 13950.857421875 1069
1784281584709 12648.611328125 1070
1784281584744 15216.8115234375 1071
1784281584780 13340.330078125 1072
1784281584810 13586.57421875 1073
1784281584848 13734.25390625 1074
1784281584878 12758.6884765625 1075
1784281584914 13237.6572265625 1076
1784281584953 12110.435546875 1077
1784281584986 13342.70703125 1078
1784281585021 12645.396484375 1079
1784281585052 12320.8955078125 1080
1784281585171 13491.23828125 1081
1784281585207 13737.873046875 1082
1784281585236 13313.2119140625 1083
1784281585268 13059.822265625 1084
1784281585298 13006.1484375 1085
1784281585331 13157.439453125 1086
1784281585362 12272.3671875 1087
1784281585394 13107.841796875 1088
1784281585428 12215.763671875 1089
1784281585461 12299.23046875 1090
1784281585490 12774.56640625 1091
1784281585528 12795.3857421875 1092
1784281585563 12132.6328125 1093
1784281585589 12735.982421875 1094
1784281585618 12963.556640625 1095
1784281585648 12115.310546875 1096
1784281585759 12647.486328125 1097
1784281585797 13475.4990234375 1098
1784281585831 12317.9970703125 1099
1784281585870 12905.69140625 1100
1784281585908 12702.34375 1101
1784281585945 13199.2646484375 1102
1784281585983 14225.70703125 1103
1784281586017 13274.96484375 1104
1784281586048 13669.591796875 1105
1784281586081 13666.5947265625 1106
1784281586111 13598.81640625 1107
1784281586140 13041.16015625 1108
1784281586175 13444.1318359375 1109
1784281586204 12655.515625 1110
1784281586243 13712.685546875 1111
1784281586274 14017.0908203125 1112
1784281586304 12553.658203125 1113
1784281586334 13651.962890625 1114
1784281586367 13856.251953125 1115
1784281586395 13532.162109375 1116
1784281586424 13526.57421875 1117
1784281586455 12944.18359375 1118
1784281586489 13126.73046875 1119
1784281586522 13551.41015625 1120
1784281586549 13128.5390625 1121
1784281586583 13861.583984375 1122
1784281586620 14013.419921875 1123
1784281586652 12400.255859375 1124
1784281586682 14141.89453125 1125
1784281586717 13302.53515625 1126
1784281586745 12574.314453125 1127
1784281586776 13306.1220703125 1128
1784281586806 13588.953125 1129
1784281586845 12558.662109375 1130
1784281586881 13006.73046875 1131
1784281586919 13764.6328125 1132
1784281586949 12597.79296875 1133
1784281586979 13127.7421875 1134
1784281587013 13983.5947265625 1135
1784281587044 13342.16015625 1136
1784281587167 13900.298828125 1137
1784281587201 12999.3076171875 1138
1784281587245 13380.359375 1139
1784281587279 13596.140625 1140
1784281587310 12577.08984375 1141
1784281587341 13218.693359375 1142
1784281587372 13279.193359375 1143
1784281587402 12379.5478515625 1144
1784281587431 13271.28515625 1145
1784281587461 12888.984375 1146
1784281587493 13281.984375 1147
1784281587523 12895.0546875 1148
1784281587549 13574.677734375 1149
1784281587582 13258.078125 1150
1784281587615 12721.236328125 1151
1784281587642 12972.2314453125 1152
1784281587674 12577.259765625 1153
1784281587702 13179.419921875 1154
1784281587730 13381.431640625 1155
1784281587764 13095.1845703125 1156
1784281587797 12715.435546875 1157
1784281587844 12637.974609375 1158
1784281587879 13054.818359375 1159
1784281587920 13386.5888671875 1160
1784281587953 13333.5244140625 1161
1784281587981 14012.2099609375 1162
1784281588011 13293.328125 1163
1784281588040 13163.11328125 1164
1784281588071 12602.01953125 1165
1784281588105 13194.763671875 1166
1784281588141 13741.78125 1167
1784281588207 13450.546875 1168
1784281588250 13118.9013671875 1169
1784281588292 13184.6796875 1170
1784281588328 13534.5615234375 1171
1784281588363 13256.3447265625 1172
1784281588408 13013.46484375 1173
1784281588450 12700.513671875 1174
1784281588486 13022.33203125 1175
1784281588519 13068.4609375 1176
1784281588555 13041.8466796875 1177
1784281588583 13203.6875 1178
1784281588616 13123.31640625 1179
1784281588658 13259.203125 1180
1784281588690 13968.923828125 1181
1784281588726 13793.3017578125 1182
1784281588760 12310.03125 1183
1784281588792 12739.552734375 1184
1784281588824 13299.765625 1185
1784281588862 13162.140625 1186
1784281588901 14311.7392578125 1187
1784281588933 13274.7431640625 1188
1784281588967 12484.84765625 1189
1784281589004 13686.103515625 1190
1784281589038 13317.48828125 1191
1784281589074 13159.05859375 1192
1784281589102 13436.42578125 1193
1784281589139 12929.779296875 1194
1784281589177 13429.470703125 1195
1784281589212 13563.6171875 1196
1784281589242 12805.419921875 1197
1784281589275 13761.732421875 1198
1784281589313 13581.93359375 1199
1784281589349 14107.9541015625 1200
1784281589488 13775.3974609375 1201
1784281589544 12379.7451171875 1202
1784281589579 13231.2158203125 1203
1784281589614 12980.5361328125 1204
1784281589649 12787.751953125 1205
1784281589683 12966.0390625 1206
1784281589713 12579.267578125 1207
1784281589744 13228.865234375 1208
1784281589776 12858.650390625 1209
1784281589807 13219.81640625 1210
1784281589839 13433.5234375 1211
1784281589879 13954.6787109375 1212
1784281589916 13961.2919921875 1213
1784281589949 13713.8828125 1214
1784281589984 14126.2431640625 1215
1784281590019 13414.482421875 1216
1784281590055 13053.00390625 1217
1784281590094 12890.916015625 1218
1784281590128 13201.0205078125 1219
1784281590169 13122.623046875 1220
1784281590208 13219.189453125 1221
1784281590241 13452.376953125 1222
1784281590276 14045.3740234375 1223
1784281590310 13796.427734375 1224
1784281590344 13451.9580078125 1225
1784281590376 12320.9892578125 1226
1784281590417 13251.876953125 1227
1784281590473 13009.197265625 1228
1784281590511 12988.49609375 1229
1784281590553 13094.537109375 1230
1784281590591 13500.6572265625 1231
1784281590631 13316.5712890625 1232
1784281590673 12796.986328125 1233
1784281590707 13423.328125 1234
1784281590745 13459.1572265625 1235
1784281590783 13212.400390625 1236
1784281590834 13898.853515625 1237
1784281590870 13485.22265625 1238
1784281590906 13801.931640625 1239
1784281590941 13416.3330078125 1240
1784281590982 13172.63671875 1241
1784281591013 12906.642578125 1242
1784281591045 14061.435546875 1243
1784281591091 13891.376953125 1244
1784281591130 13528.7509765625 1245
1784281591173 12725.791015625 1246
1784281591216 13129.755859375 1247
1784281591260 14233.140625 1248
1784281591297 13106.041015625 1249
1784281591337 13120.537109375 1250
1784281591377 13228.8935546875 1251
1784281591418 12824.3798828125 1252
1784281591461 14699.77734375 1253
1784281591507 12818.15234375 1254
1784281591547 13991.8359375 1255
1784281591599 13991.443359375 1256
1784281591640 12855.9755859375 1257
1784281591674 12468.4453125 1258
1784281591707 13853.9599609375 1259
1784281591745 13549.310546875 1260
1784281591780 13297.978515625 1261
1784281591810 12204.845703125 1262
1784281591842 13889.1328125 1263
1784281591872 13696.9521484375 1264
1784281592016 12795.931640625 1265
1784281592045 12870.453125 1266
1784281592076 14591.828125 1267
1784281592107 13582.072265625 1268
1784281592134 13572.13671875 1269
1784281592170 12264.2900390625 1270
1784281592214 13804.1376953125 1271
1784281592262 13622.0703125 1272
1784281592350 12300.6357421875 1273
1784281592393 13318.228515625 1274
1784281592430 12565.7861328125 1275
1784281592465 12046.498046875 1276
1784281592503 13353.875 1277
1784281592539 12702.470703125 1278
1784281592573 14426.3896484375 1279
1784281592610 13548.61328125 1280
1784281592647 12870.3076171875 1281
1784281592685 13685.322265625 1282
1784281592729 13156.59765625 1283
1784281592782 12444.5439453125 1284
1784281592825 14403.037109375 1285
1784281592864 12764.3154296875 1286
1784281592897 12398.830078125 1287
1784281592933 13488.611328125 1288
1784281592971 12777.71484375 1289
1784281593011 12915.6875 1290
1784281593048 13406.57421875 1291
1784281593090 13624.208984375 1292
1784281593128 13260.5107421875 1293
1784281593173 13425.810546875 1294
1784281593210 13256.77734375 1295
1784281593244 13041.822265625 1296
1784281593280 13292.2578125 1297
1784281593311 13309.205078125 1298
1784281593345 13644.345703125 1299
1784281593381 13430.12890625 1300
1784281593422 12863.181640625 1301
1784281593462 14179.228515625 1302
1784281593503 13877.46875 1303
1784281593539 12850.580078125 1304
1784281593578 13394.4140625 1305
1784281593612 12340.970703125 1306
1784281593640 14103.296875 1307
1784281593666 13320.03515625 1308
1784281593799 14172.408203125 1309
1784281593851 13712.892578125 1310
1784281593882 13828.2734375 1311
1784281593918 13192.947265625 1312
1784281593959 12665.865234375 1313
1784281593992 12794.19921875 1314
1784281594026 12899.4775390625 1315
1784281594060 13034.779296875 1316
1784281594094 14019.8203125 1317
1784281594129 13251.8671875 1318
1784281594162 13792.130859375 1319
1784281594195 13426.1474609375 1320
1784281594230 14296.25390625 1321
1784281594266 13494.009765625 1322
1784281594312 14098.3388671875 1323
1784281594361 12686.53515625 1324
1784281594406 12732.3291015625 1325
1784281594450 12224.87109375 1326
1784281594484 13503.6689453125 1327
1784281594524 13123.3544921875 1328
1784281594560 12908.720703125 1329
1784281594597 13619.09765625 1330
1784281594632 13004.966796875 1331
1784281594666 12120.75390625 1332
1784281594702 12507.2548828125 1333
1784281594743 13366.431640625 1334
1784281594776 13459.0986328125 1335
1784281594814 13904.279296875 1336
1784281594957 12939.3798828125 1337
1784281594993 12638.220703125 1338
1784281595030 12853.875 1339
1784281595064 13721.6240234375 1340
1784281595106 13591.59375 1341
1784281595142 12619.8505859375 1342
1784281595178 14110.033203125 1343
1784281595208 12787.251953125 1344
1784281595237 13328.0126953125 1345
1784281595273 13849.1533203125 1346
1784281595311 12897.6484375 1347
1784281595347 13381.916015625 1348
1784281595381 13100.580078125 1349
1784281595416 13776.7021484375 1350
1784281595448 14552.9609375 1351
1784281595575 12705.1474609375 1352
1784281595615 14307.87109375 1353
1784281595652 13214.21484375 1354
1784281595690 13372.3486328125 1355
1784281595726 13064.2119140625 1356
1784281595770 13811.576171875 1357
1784281595805 13092.638671875 1358
1784281595853 12313.86328125 1359
1784281595914 12922.98046875 1360
1784281595955 14056.3515625 1361
1784281595994 13012.822265625 1362
1784281596033 13507.498046875 1363
1784281596074 13976.2705078125 1364
1784281596106 13506.7080078125 1365
1784281596143 13409.732421875 1366
1784281596182 12952.2294921875 1367
1784281596218 12929.423828125 1368
1784281596253 12487.6884765625 1369
1784281596286 13127.091796875 1370
1784281596323 13440.474609375 1371
1784281596357 12981.646484375 1372
1784281596390 13300.978515625 1373
1784281596417 12895.216796875 1374
1784281596520 13325.29296875 1375
1784281596551 12523.333984375 1376
1784281596604 13532.3046875 1377
1784281596633 12850.9443359375 1378
1784281596677 13147.1328125 1379
1784281596717 13306.65234375 1380
1784281596751 12477.466796875 1381
1784281596786 14059.01171875 1382
1784281596824 13024.7734375 1383
1784281596859 13080.3408203125 1384
1784281596894 12844.66015625 1385
1784281596929 12733.875 1386
1784281596962 13823.8330078125 1387
1784281596997 13357.958984375 1388
1784281597033 12922.998046875 1389
1784281597066 13654.748046875 1390
1784281597100 13405.494140625 1391
1784281597133 13397.83984375 1392
1784281597170 12628.833984375 1393
1784281597206 13130.5546875 1394
1784281597249 12695.7041015625 1395
1784281597286 12804.6376953125 1396
1784281597337 13307.330078125 1397
1784281597380 13092.515625 1398
1784281597426 13849.005859375 1399
1784281597469 13905.251953125 1400
1784281597507 13230.009765625 1401
1784281597544 12114.3515625 1402
1784281597578 13770.2724609375 1403
1784281597618 13833.830078125 1404
1784281597656 12182.9453125 1405
1784281597690 13320.5625 1406
1784281597724 12654.5771484375 1407
1784281597850 13857.46484375 1408
1784281597882 12548.6953125 1409
1784281597926 12495.7373046875 1410
1784281597966 12561.083984375 1411
1784281598001 13232.609375 1412
1784281598037 13246.5 1413
1784281598073 13169.5009765625 1414
1784281598109 12963.7451171875 1415
1784281598151 12869.091796875 1416
1784281598187 12814.802734375 1417
1784281598223 11961.359375 1418
1784281598256 11596.9453125 1419
1784281598292 12867.859375 1420
1784281598325 12788.2138671875 1421
1784281598365 13490.759765625 1422
1784281598406 12479.9658203125 1423
1784281598554 13056.634765625 1424
1784281598594 12862.294921875 1425
1784281598636 13007.3837890625 1426
1784281598675 13269.759765625 1427
1784281598710 12524.658203125 1428
1784281598751 12620.830078125 1429
1784281598784 12975.142578125 1430
1784281598821 12868.7333984375 1431
1784281598857 12309.3583984375 1432
1784281598892 12814.0302734375 1433
1784281598930 13714.0341796875 1434
1784281598963 12289.5625 1435
1784281598993 13983.193359375 1436
1784281599109 13070.6513671875 1437
1784281599145 12639.994140625 1438
1784281599185 13967.7109375 1439
1784281599216 12527.3232421875 1440
1784281599253 13018.4326171875 1441
1784281599295 14094.1220703125 1442
1784281599334 13054.6318359375 1443
1784281599376 13246.9208984375 1444
1784281599406 13723.541015625 1445
1784281599434 12909.9423828125 1446
1784281599464 13477.208984375 1447
1784281599495 12884.587890625 1448
1784281599525 12890.6083984375 1449
1784281599555 13292.865234375 1450
1784281599582 13059.080078125 1451
1784281599647 13714.5625 1452
1784281599713 13651.2587890625 1453
1784281599750 12342.1884765625 1454
1784281599796 13294.171875 1455
1784281599830 13471.880859375 1456
1784281599864 13211.8876953125 1457
1784281599900 13695.6376953125 1458
1784281599939 13501.44140625 1459
1784281599973 13508.40625 1460
1784281600007 12685.994140625 1461
1784281600041 13171.9453125 1462
1784281600071 12622.525390625 1463
1784281600110 13176.017578125 1464
1784281600149 13428.10546875 1465
1784281600191 13708.4189453125 1466
1784281600235 13697.392578125 1467
1784281600281 13857.0791015625 1468
1784281600323 13467.318359375 1469
1784281600364 13484.1748046875 1470
1784281600402 13389.525390625 1471
1784281600438 14148.0146484375 1472
1784281600474 12227.3671875 1473
1784281600508 13824.220703125 1474
1784281600541 13142.43359375 1475
1784281600574 12311.9921875 1476
1784281600611 14056.23046875 1477
1784281600646 13411.0810546875 1478
1784281600680 13957.962890625 1479
1784281600713 13952.0 1480
1784281600747 14048.8310546875 1481
1784281600781 12805.7060546875 1482
1784281600814 13089.908203125 1483
1784281600922 12900.544921875 1484
1784281600977 12647.62109375 1485
1784281601009 13144.9150390625 1486
1784281601045 13860.619140625 1487
1784281601081 12645.78125 1488
1784281601114 13090.369140625 1489
1784281601158 13298.9697265625 1490
1784281601207 12944.2412109375 1491
1784281601248 12866.3232421875 1492
1784281601288 13181.8310546875 1493
1784281601323 12999.162109375 1494
1784281601357 13176.73046875 1495
1784281601389 12275.580078125 1496
1784281601421 13292.6953125 1497
1784281601460 13204.578125 1498
1784281601509 13554.916015625 1499
1784281601556 13779.37109375 1500
1784281601593 13938.1279296875 1501
1784281601627 13260.1455078125 1502
1784281601661 13759.2060546875 1503
1784281601697 13111.66015625 1504
1784281601731 13628.712890625 1505
1784281601766 13529.4208984375 1506
1784281601800 13416.2109375 1507
1784281601834 12468.974609375 1508
1784281601867 12974.044921875 1509
1784281601904 12874.599609375 1510
1784281601937 12355.6328125 1511
1784281601973 13158.4423828125 1512
1784281602014 13242.421875 1513
1784281602057 12690.2568359375 1514
1784281602097 13197.34765625 1515
1784281602142 13446.494140625 1516
1784281602180 12408.97265625 1517
1784281602298 13644.3828125 1518
1784281602337 11973.9775390625 1519
1784281602388 12951.96875 1520
1784281602421 12538.9609375 1521
1784281602454 12704.7265625 1522
1784281602491 13936.9794921875 1523
1784281602528 13169.5390625 1524
1784281602563 13707.87890625 1525
1784281602598 13339.32421875 1526
1784281602633 13641.025390625 1527
1784281602668 13829.611328125 1528
1784281602700 14031.9248046875 1529
1784281602733 13753.2099609375 1530
1784281602770 13155.5205078125 1531
1784281602807 12623.6796875 1532
1784281602841 12287.060546875 1533
1784281602876 13847.7578125 1534
1784281602910 13815.1494140625 1535
1784281603076 13394.8154296875 1536
1784281603129 12631.0517578125 1537
1784281603165 12639.3291015625 1538
1784281603206 13377.0078125 1539
1784281603250 12502.9296875 1540
1784281603290 13325.8271484375 1541
1784281603335 13408.7841796875 1542
1784281603377 13067.8359375 1543
1784281603413 14073.72265625 1544
1784281603458 12517.84765625 1545
1784281603495 12948.46875 1546
1784281603534 12982.728515625 1547
1784281603579 13520.34375 1548
1784281603615 13911.1513671875 1549
1784281603656 13848.9091796875 1550
1784281603693 13791.912109375 1551
1784281603729 14057.31640625 1552
1784281603763 11802.94921875 1553
1784281603876 13372.8271484375 1554
1784281603912 12915.890625 1555
1784281603944 13423.171875 1556
1784281603994 13012.224609375 1557
1784281604029 13657.498046875 1558
1784281604065 12737.138671875 1559
1784281604102 13216.97265625 1560
1784281604140 12887.6328125 1561
1784281604183 13349.296875 1562
1784281604220 12864.8623046875 1563
1784281604257 13435.2802734375 1564
1784281604292 13406.46875 1565
1784281604325 14008.0673828125 1566
1784281604359 13016.353515625 1567
1784281604394 13089.5126953125 1568
1784281604440 13535.671875 1569
1784281604475 14156.6337890625 1570
1784281604511 13263.7080078125 1571
1784281604545 13005.62109375 1572
1784281604578 13143.69921875 1573
1784281604612 12715.294921875 1574
1784281604730 13969.814453125 1575
1784281604767 12634.3388671875 1576
1784281604873 13192.158203125 1577
1784281604997 13099.361328125 1578
1784281605052 13570.87890625 1579
1784281605091 12720.744140625 1580
1784281605129 12707.3427734375 1581
1784281605167 14051.892578125 1582
1784281605200 12743.83203125 1583
1784281605232 13091.5693359375 1584
1784281605267 12397.240234375 1585
1784281605303 12795.318359375 1586
1784281605340 12611.958984375 1587
1784281605375 14373.556640625 1588
1784281605410 13346.17578125 1589
1784281605441 13013.541015625 1590
1784281605546 12854.7158203125 1591
1784281605583 13694.73828125 1592
1784281605620 13123.091796875 1593
1784281605663 13525.240234375 1594
1784281605698 12865.3984375 1595
1784281605736 12885.16796875 1596
1784281605777 12820.9306640625 1597
1784281605815 12994.287109375 1598
1784281605852 14027.5009765625 1599
1784281605886 13015.2021484375 1600
1784281605923 13476.490234375 1601
1784281605955 12806.8232421875 1602
1784281605992 12766.779296875 1603
1784281606027 13212.369140625 1604
1784281606060 12664.734375 1605
1784281606096 13373.876953125 1606
1784281606132 13635.72265625 1607
1784281606165 13328.8017578125 1608
1784281606198 13004.8134765625 1609
1784281606230 12903.30859375 1610
1784281606262 12246.50390625 1611
1784281606295 13187.9765625 1612
1784281606329 12970.9091796875 1613
1784281606360 13021.603515625 1614
1784281606399 12471.2392578125 1615
1784281606438 12690.935546875 1616
1784281606474 13814.6181640625 1617
1784281606510 13555.8251953125 1618
1784281606546 13174.3623046875 1619
1784281606583 13374.7744140625 1620
1784281606618 13342.26171875 1621
1784281606658 12147.56640625 1622
1784281606693 13089.478515625 1623
1784281606728 12461.8583984375 1624
1784281606763 12958.169921875 1625
1784281606797 13452.724609375 1626
1784281606832 12277.5322265625 1627
1784281606867 13434.0029296875 1628
1784281606997 12304.310546875 1629
1784281607031 13133.76171875 1630
1784281607069 12923.69921875 1631
1784281607102 12709.912109375 1632
1784281607149 13134.474609375 1633
1784281607179 12425.76171875 1634
1784281607208 12515.595703125 1635
1784281607248 12708.3193359375 1636
1784281607289 12656.3095703125 1637
1784281607327 12773.3017578125 1638
1784281607372 12595.7421875 1639
1784281607413 12650.0439453125 1640
1784281607454 12390.94140625 1641
1784281607494 12255.2529296875 1642
1784281607532 12538.5498046875 1643
1784281607566 13755.916015625 1644
1784281607604 13908.58203125 1645
1784281607640 13096.265625 1646
1784281607675 13219.9765625 1647
1784281607712 13493.98828125 1648
1784281607744 13307.9287109375 1649
1784281607777 13811.255859375 1650
1784281607812 12400.091796875 1651
1784281607848 12830.755859375 1652
1784281607880 13367.982421875 1653
1784281608007 13251.162109375 1654
1784281608045 12853.91796875 1655
1784281608080 12359.427734375 1656
1784281608121 13107.294921875 1657
1784281608166 13654.296875 1658
1784281608207 12692.67578125 1659
1784281608253 13860.279296875 1660
1784281608289 13526.4599609375 1661
1784281608324 13321.29296875 1662
1784281608359 14258.482421875 1663
1784281608396 13422.251953125 1664
1784281608431 13242.029296875 1665
1784281608465 14745.1611328125 1666
1784281608503 12700.9951171875 1667
1784281608536 13923.314453125 1668
1784281608566 14362.6640625 1669
1784281608603 12993.5732421875 1670
1784281608637 13728.228515625 1671
1784281608670 13407.6171875 1672
1784281608799 14708.767578125 1673
1784281608833 13237.7109375 1674
1784281608868 13381.7548828125 1675
1784281608919 12824.7158203125 1676
1784281608962 12878.4453125 1677
1784281609005 12714.16015625 1678
1784281609060 13505.60546875 1679
1784281609100 12955.0927734375 1680
1784281609135 12739.53515625 1681
1784281609174 13292.978515625 1682
1784281609211 14133.162109375 1683
1784281609246 12523.50390625 1684
1784281609282 12678.357421875 1685
1784281609321 12632.1748046875 1686
1784281609352 13362.830078125 1687
1784281609387 13071.6708984375 1688
1784281609421 13881.1875 1689
1784281609456 12488.564453125 1690
1784281609492 13760.275390625 1691
1784281609524 12854.365234375 1692
1784281609640 13186.72265625 1693
1784281609672 13139.76171875 1694
1784281609705 13173.56640625 1695
1784281609739 12392.958984375 1696
1784281609772 13215.265625 1697
1784281609797 12837.330078125 1698
1784281609837 13217.74609375 1699
1784281609874 12608.0595703125 1700
1784281609910 13827.8828125 1701
1784281609949 13061.275390625 1702
1784281609987 12449.1748046875 1703
1784281610024 12761.501953125 1704
1784281610059 13499.0859375 1705
1784281610094 12821.27734375 1706
1784281610130 13289.080078125 1707
1784281610171 13298.9609375 1708
1784281610207 12765.837890625 1709
1784281610245 14032.732421875 1710
1784281610283 12299.232421875 1711
1784281610319 13799.318359375 1712
1784281610356 13575.16015625 1713
1784281610391 12822.447265625 1714
1784281610537 13363.5478515625 1715
1784281610571 12023.166015625 1716
1784281610601 13245.8515625 1717
1784281610628 14150.751953125 1718
1784281610658 14027.06640625 1719
1784281610691 14745.595703125 1720
1784281610736 14483.6884765625 1721
1784281610774 12922.138671875 1722
1784281610811 14375.7578125 1723
1784281610851 15111.861328125 1724
1784281610889 13236.9736328125 1725
1784281610926 14248.4013671875 1726
1784281610961 14121.357421875 1727
1784281610997 13845.05859375 1728
1784281611033 14024.73828125 1729
1784281611065 14842.8955078125 1730
1784281611099 12679.328125 1731
1784281611134 13582.51171875 1732
1784281611170 14244.00390625 1733
1784281611204 12948.7119140625 1734
1784281611244 13077.794921875 1735
1784281611280 14549.6982421875 1736
1784281611316 12753.0703125 1737
1784281611450 13830.865234375 1738
1784281611486 13616.7431640625 1739
1784281611531 13374.638671875 1740
1784281611583 13188.748046875 1741
1784281611629 12746.646484375 1742
1784281611674 13265.0986328125 1743
1784281611714 12710.283203125 1744
1784281611755 12166.7314453125 1745
1784281611792 13442.64453125 1746
1784281611827 13984.1826171875 1747
1784281611863 13030.2158203125 1748
1784281611899 14533.6904296875 1749
1784281611932 13822.99609375 1750
1784281611966 13240.923828125 1751
1784281611997 13839.3154296875 1752
1784281612029 13998.7548828125 1753
1784281612062 14029.384765625 1754
1784281612099 13942.978515625 1755
1784281612131 13976.107421875 1756
1784281612165 12330.2080078125 1757
1784281612321 14518.55078125 1758
1784281612359 13548.6787109375 1759
1784281612395 13025.640625 1760
1784281612427 13362.111328125 1761
1784281612466 13661.703125 1762
1784281612493 13314.26171875 1763
1784281612527 12776.048828125 1764
1784281612565 12967.74609375 1765
1784281612601 13542.9365234375 1766
1784281612642 12436.93359375 1767
1784281612681 12532.4775390625 1768
1784281612721 12223.16015625 1769
1784281612757 13383.861328125 1770
1784281612791 13250.732421875 1771
1784281612824 14176.4755859375 1772
1784281612858 13678.8359375 1773
1784281612891 13678.439453125 1774
1784281612931 13407.466796875 1775
1784281612964 14099.7763671875 1776
1784281612998 13054.791015625 1777
1784281613031 13262.2109375 1778
1784281613063 12653.80859375 1779
1784281613192 13130.001953125 1780
1784281613221 14352.814453125 1781
1784281613252 13479.552734375 1782
1784281613279 14142.2353515625 1783
1784281613310 14281.333984375 1784
1784281613346 13096.208984375 1785
1784281613384 14076.115234375 1786
1784281613423 14374.728515625 1787
1784281613459 12257.5537109375 1788
1784281613498 13816.1513671875 1789
1784281613535 14252.875 1790
1784281613570 13671.58984375 1791
1784281613606 13761.29296875 1792
1784281613643 13873.654296875 1793
1784281613675 13535.576171875 1794
1784281613708 14466.537109375 1795
1784281613740 14924.578125 1796
1784281613775 13649.462890625 1797
1784281613809 13884.951171875 1798
1784281613842 14168.455078125 1799
1784281613972 12845.1640625 1800
1784281614006 14021.630859375 1801
1784281614035 14962.97265625 1802
1784281614063 13736.990234375 1803
1784281614104 12752.251953125 1804
1784281614131 13969.302734375 1805
1784281614165 13742.515625 1806
1784281614203 13128.404296875 1807
1784281614241 14722.34765625 1808
1784281614277 13537.6767578125 1809
1784281614313 14112.85546875 1810
1784281614350 14207.48046875 1811
1784281614383 12918.87890625 1812
1784281614420 13984.931640625 1813
1784281614457 13582.12109375 1814
1784281614496 13549.984375 1815
1784281614536 14187.91796875 1816
1784281614576 13883.572265625 1817
1784281614612 13879.181640625 1818
1784281614654 14176.40625 1819
1784281614691 13705.921875 1820
1784281614723 12667.369140625 1821
1784281614755 13955.2529296875 1822
1784281614864 13714.42578125 1823
1784281614899 12038.162109375 1824
1784281614933 13538.6943359375 1825
1784281614983 12789.7470703125 1826
1784281615040 14317.79296875 1827
1784281615080 13050.5390625 1828
1784281615129 12968.482421875 1829
1784281615189 13615.21875 1830
1784281615235 13252.8193359375 1831
1784281615280 13236.369140625 1832
1784281615322 12901.73046875 1833
1784281615357 13273.72265625 1834
1784281615393 12279.771484375 1835
1784281615430 14333.1533203125 1836
1784281615465 12294.052734375 1837
1784281615503 14058.8544921875 1838
1784281615536 13509.62109375 1839
1784281615568 13136.388671875 1840
1784281615603 13499.97265625 1841
1784281615638 12688.8544921875 1842
1784281615671 13090.927734375 1843
1784281615705 12843.478515625 1844
1784281615822 12957.828125 1845
1784281615873 13213.0 1846
1784281615906 12398.2744140625 1847
1784281615937 13573.1708984375 1848
1784281615969 13654.330078125 1849
1784281616010 13667.57421875 1850
1784281616048 13393.7919921875 1851
1784281616080 12702.130859375 1852
1784281616117 13230.919921875 1853
1784281616154 13219.681640625 1854
1784281616191 12826.0048828125 1855
1784281616230 12860.859375 1856
1784281616267 13615.0185546875 1857
1784281616303 12600.1962890625 1858
1784281616338 13450.9375 1859
1784281616371 13228.255859375 1860
1784281616409 12984.625 1861
1784281616444 12423.466796875 1862
1784281616479 13230.33984375 1863
1784281616516 13593.4326171875 1864
1784281616630 13672.736328125 1865
1784281616662 13359.4814453125 1866
1784281616694 12858.439453125 1867
1784281616729 13185.7421875 1868
1784281616770 12244.84375 1869
1784281616814 13349.2119140625 1870
1784281616843 12529.9765625 1871
1784281616885 12613.55078125 1872
1784281616924 13201.7890625 1873
1784281619251 12975.71484375 1874
1784281619285 12857.79296875 1875
1784281619318 13194.8154296875 1876
1784281619348 13517.6611328125 1877
1784281619376 12720.984375 1878
1784281619404 13571.837890625 1879
1784281619437 13103.849609375 1880
1784281619476 13454.814453125 1881
1784281619511 13026.1181640625 1882
1784281619541 12931.375 1883
1784281619577 13572.001953125 1884
1784281619615 12635.009765625 1885
1784281619653 13179.05859375 1886
1784281619694 12510.8544921875 1887
1784281619730 13048.267578125 1888
1784281619767 13474.517578125 1889
1784281619803 13308.54296875 1890
1784281619846 12949.6171875 1891
1784281619885 13531.216796875 1892
1784281620017 12725.84765625 1893
1784281620059 13022.154296875 1894
1784281620099 13358.642578125 1895
1784281620134 12474.767578125 1896
1784281620172 12755.72265625 1897
1784281620201 13004.76953125 1898
1784281620235 13095.765625 1899
1784281620269 13179.17578125 1900
1784281620296 13256.7412109375 1901
1784281620328 13387.5888671875 1902
1784281620369 13160.486328125 1903
1784281620407 12820.244140625 1904
1784281620439 12801.1640625 1905
1784281620475 12642.4931640625 1906
1784281620514 12895.25 1907
1784281620551 12479.353515625 1908
1784281620588 12774.2734375 1909
1784281620620 12225.892578125 1910
1784281620646 13205.98046875 1911
1784281620677 13161.71484375 1912
1784281620712 12333.740234375 1913
1784281620746 12855.30859375 1914
1784281620775 14009.3779296875 1915
1784281620807 12897.876953125 1916
1784281620837 12367.19921875 1917
1784281620866 13042.3017578125 1918
1784281620901 13397.8203125 1919
1784281620933 11893.4619140625 1920
1784281620974 12975.326171875 1921
1784281621100 13480.02734375 1922
1784281621133 13199.279296875 1923
1784281621170 12449.431640625 1924
1784281621207 13326.515625 1925
1784281621250 12812.669921875 1926
1784281621290 13919.482421875 1927
1784281621321 13914.666015625 1928
1784281621350 12105.708984375 1929
1784281621387 13143.306640625 1930
1784281621414 13236.208984375 1931
1784281621442 14342.92578125 1932
1784281621481 13483.0693359375 1933
1784281621525 12887.736328125 1934
1784281621559 12772.1015625 1935
1784281621589 12823.1611328125 1936
1784281621614 12846.888671875 1937
1784281621641 13806.2734375 1938
1784281621677 13373.60546875 1939
1784281621714 13044.3544921875 1940
1784281621754 12822.587890625 1941
1784281621790 12874.265625 1942
1784281621827 13653.486328125 1943
1784281621859 13298.4375 1944
1784281621892 13421.61328125 1945
1784281621925 13097.177734375 1946
1784281621956 12689.5263671875 1947
1784281621996 13732.3671875 1948
1784281622037 13686.3583984375 1949
1784281622070 14000.1015625 1950
1784281622101 13403.533203125 1951
1784281622227 14107.658203125 1952
1784281622266 12417.048828125 1953
1784281622306 14290.931640625 1954
1784281622329 13417.302734375 1955
1784281622360 12988.91015625 1956
1784281622399 13988.65234375 1957
1784281622433 13762.6044921875 1958
1784281622470 12588.015625 1959
1784281622505 12964.6357421875 1960
1784281622545 13959.55859375 1961
1784281622577 12609.240234375 1962
1784281622608 13164.806640625 1963
1784281622637 13422.951171875 1964
1784281622663 13359.625 1965
1784281622694 13380.0478515625 1966
1784281622722 12322.01171875 1967
1784281622762 12721.951171875 1968
1784281622798 12550.099609375 1969
1784281622837 13430.1328125 1970
1784281622863 13354.16015625 1971
1784281622895 12778.3701171875 1972
1784281622928 14328.0546875 1973
1784281622959 13526.8515625 1974
1784281622997 13280.6337890625 1975
1784281623029 13582.150390625 1976
1784281623064 13278.38671875 1977
1784281623096 13480.65234375 1978
1784281623130 13890.412109375 1979
1784281623169 13658.2265625 1980
1784281623201 13884.14453125 1981
1784281623234 12715.12109375 1982
1784281623262 12820.037109375 1983
1784281623376 12537.97265625 1984
1784281623417 13715.865234375 1985
1784281623458 12805.7587890625 1986
1784281623492 13064.5 1987
1784281623534 13719.515625 1988
1784281623576 13405.068359375 1989
1784281623610 13073.408203125 1990
1784281623642 12144.263671875 1991
1784281623683 11794.42578125 1992
1784281623722 12814.13671875 1993
1784281623754 12670.5009765625 1994
1784281623793 13183.697265625 1995
1784281623832 13725.931640625 1996
1784281623868 12405.6298828125 1997
1784281623904 13590.591796875 1998
1784281623938 12421.0166015625 1999
1784281623976 13233.7861328125 2000
1784281624009 12907.0556640625 2001
1784281624050 13873.4296875 2002
1784281624091 13474.76953125 2003
1784281624117 12278.4990234375 2004
1784281624141 13816.658203125 2005
1784281624172 13865.966796875 2006
1784281624205 13183.4384765625 2007
1784281624238 13548.619140625 2008
1784281624274 12785.62890625 2009
1784281624309 13062.740234375 2010
1784281624351 14136.513671875 2011
1784281624383 13234.4140625 2012
1784281624416 12403.693359375 2013
1784281624447 13746.681640625 2014
1784281624577 12585.611328125 2015
1784281624629 13583.8125 2016
1784281624661 13102.21875 2017
1784281624691 12653.890625 2018
1784281624720 12581.083984375 2019
1784281624750 12321.158203125 2020
1784281624781 12946.166015625 2021
1784281624812 13236.611328125 2022
1784281624843 11895.9951171875 2023
1784281624874 12413.853515625 2024
1784281624902 13541.1875 2025
1784281624926 13732.3037109375 2026
1784281624959 13439.751953125 2027
1784281625001 12909.185546875 2028
1784281625036 13249.826171875 2029
1784281625069 13538.7373046875 2030
1784281625104 13147.6787109375 2031
1784281625151 12577.5595703125 2032
1784281625182 12912.92578125 2033
1784281625219 12643.1298828125 2034
1784281625251 13161.361328125 2035
1784281625281 12929.6396484375 2036
1784281625325 13218.3876953125 2037
1784281625355 13510.759765625 2038
1784281625389 13352.08203125 2039
1784281625419 13000.234375 2040
1784281625450 13832.41015625 2041
1784281625480 12683.2421875 2042
1784281625616 12478.73046875 2043
1784281625648 12826.36328125 2044
1784281625684 13059.79296875 2045
1784281625708 13161.931640625 2046
1784281625740 13598.8525390625 2047
1784281625769 12909.736328125 2048
1784281625793 12928.990234375 2049
1784281625824 13090.0732421875 2050
1784281625854 13756.59765625 2051
1784281625887 13649.302734375 2052
1784281625917 13013.068359375 2053
1784281625953 13448.642578125 2054
1784281625985 13141.69140625 2055
1784281626018 13842.69921875 2056
1784281626050 13348.9033203125 2057
1784281626082 13241.939453125 2058
1784281626115 12325.46875 2059
1784281626149 13155.3955078125 2060
1784281626188 12789.2734375 2061
1784281626223 13269.080078125 2062
1784281626266 12216.974609375 2063
1784281626297 12839.576171875 2064
1784281626331 12736.23046875 2065
1784281626358 12472.8740234375 2066
1784281626388 13131.8681640625 2067
1784281626418 12944.24609375 2068
1784281626559 12783.2822265625 2069
1784281626615 12302.005859375 2070
1784281626653 13234.3828125 2071
1784281626692 12681.7978515625 2072
1784281626722 13563.373046875 2073
1784281626755 12557.20703125 2074
1784281626791 12190.3388671875 2075
1784281626824 12697.498046875 2076
1784281626877 13492.2236328125 2077
1784281626908 12387.869140625 2078
1784281626937 13950.7421875 2079
1784281626966 12552.92578125 2080
1784281626991 13298.798828125 2081
1784281627015 11862.0751953125 2082
1784281627042 12684.822265625 2083
1784281627078 12458.212890625 2084
1784281627112 12795.35546875 2085
1784281627150 13087.00390625 2086
1784281627281 13058.3134765625 2087
1784281627325 12566.87109375 2088
1784281627358 12831.869140625 2089
1784281627393 12827.837890625 2090
1784281627425 13748.09375 2091
1784281627459 14123.4765625 2092
1784281627491 14363.822265625 2093
1784281627527 13400.361328125 2094
1784281627556 13561.69921875 2095
1784281627589 13952.046875 2096
1784281627620 13530.87890625 2097
1784281627657 13139.958984375 2098
1784281627682 13254.16015625 2099
1784281627706 13448.2744140625 2100
1784281627731 12945.2880859375 2101
1784281627763 13625.966796875 2102
1784281627800 12927.69921875 2103
1784281627854 12899.087890625 2104
1784281627891 12865.2734375 2105
1784281627923 13948.935546875 2106
1784281627952 12990.091796875 2107
1784281627988 12694.751953125 2108
1784281628020 13616.0703125 2109
1784281628059 13704.462890625 2110
1784281628092 13275.3388671875 2111
1784281628223 13034.42578125 2112
1784281628259 13261.861328125 2113
1784281628306 12931.732421875 2114
1784281628338 13390.0634765625 2115
1784281628370 14528.5869140625 2116
1784281628401 13639.75390625 2117
1784281628437 12965.134765625 2118
1784281628476 13224.2265625 2119
1784281628508 12835.916015625 2120
1784281628544 13403.646484375 2121
1784281628573 13101.294921875 2122
1784281628599 12867.591796875 2123
1784281628635 13050.705078125 2124
1784281628668 12858.478515625 2125
1784281628704 12661.927734375 2126
1784281628741 12931.416015625 2127
1784281628779 13130.01171875 2128
1784281628813 12493.298828125 2129
1784281628844 13460.4814453125 2130
1784281628877 13418.017578125 2131
1784281628922 13406.298828125 2132
1784281628953 12562.015625 2133
1784281628986 12125.32421875 2134
1784281629021 13357.685546875 2135
1784281629051 12832.3828125 2136
1784281629087 12347.12890625 2137
1784281629125 12657.56640625 2138
1784281629175 12355.96484375 2139
1784281629217 12764.318359375 2140
1784281629262 13131.921875 2141
1784281629403 13140.619140625 2142
1784281629448 12446.193359375 2143
1784281629472 13676.419921875 2144
1784281629505 13734.2080078125 2145
1784281629537 12936.982421875 2146
1784281629572 13038.91796875 2147
1784281629606 13033.873046875 2148
1784281629649 12799.744140625 2149
1784281629686 12327.583984375 2150
1784281629717 13067.8828125 2151
1784281629751 12444.7216796875 2152
1784281629778 12626.69140625 2153
1784281629805 12927.861328125 2154
1784281629842 12605.7216796875 2155
1784281629873 13244.6435546875 2156
1784281629909 11938.1943359375 2157
1784281629953 12659.7685546875 2158
1784281629987 12513.771484375 2159
1784281630020 13005.73828125 2160
1784281630061 12680.732421875 2161
1784281630102 13453.130859375 2162
1784281630139 11494.576171875 2163
1784281630171 12317.7880859375 2164
1784281630203 13146.451171875 2165
1784281630236 13187.703125 2166
1784281630272 12731.494140625 2167
1784281630305 12897.52734375 2168
1784281630333 13257.822265625 2169
1784281630461 12843.83203125 2170
1784281630489 12337.146484375 2171
1784281630532 11756.943359375 2172
1784281630558 12766.705078125 2173
1784281630591 13182.689453125 2174
1784281630625 12833.849609375 2175
1784281630659 12642.83203125 2176
1784281630692 11841.37890625 2177
1784281630723 13206.5166015625 2178
1784281630754 13388.123046875 2179
1784281630785 11981.521484375 2180
1784281630817 12859.685546875 2181
1784281630855 12658.8828125 2182
1784281630897 12089.05078125 2183
1784281630923 12927.26171875 2184
1784281630951 12093.74609375 2185
1784281630978 12089.0224609375 2186
1784281631008 12520.6103515625 2187
1784281631042 13229.98828125 2188
1784281631078 12228.1318359375 2189
1784281631123 11784.2470703125 2190
1784281631161 12954.509765625 2191
1784281631203 12741.3603515625 2192
1784281631239 12904.8798828125 2193
1784281631273 11876.1171875 2194
1784281631310 13212.630859375 2195
1784281631342 13597.517578125 2196
1784281631381 13147.134765625 2197
1784281631413 13173.537109375 2198
1784281631445 13371.3828125 2199
1784281631573 12050.6455078125 2200
1784281631624 13378.865234375 2201
1784281631652 12402.94140625 2202
1784281631681 12784.294921875 2203
1784281631713 12993.859375 2204
1784281631750 13214.8984375 2205
1784281631784 12448.896484375 2206
1784281631819 13416.078125 2207
1784281631849 13421.458984375 2208
1784281631881 12439.8271484375 2209
1784281631912 13082.033203125 2210
1784281631941 12791.41796875 2211
1784281631973 13064.16015625 2212
1784281632003 14134.9091796875 2213
1784281632036 12943.283203125 2214
1784281632072 12544.654296875 2215
1784281632099 12489.294921875 2216
1784281632127 12899.3603515625 2217
1784281632165 13410.083984375 2218
1784281632205 12762.154296875 2219
1784281632239 12382.6103515625 2220
1784281632271 13167.7099609375 2221
1784281632303 12981.66015625 2222
1784281632345 13400.263671875 2223
1784281632379 12420.9248046875 2224
1784281632421 12229.7626953125 2225
1784281632454 12968.98828125 2226
1784281632485 13268.30859375 2227
1784281632518 12479.1669921875 2228
1784281632550 13098.20703125 2229
1784281632691 13200.0048828125 2230
1784281632721 12012.546875 2231
1784281632751 13407.2158203125 2232
1784281632789 12580.0322265625 2233
1784281632815 13175.548828125 2234
1784281632851 12934.8369140625 2235
1784281632885 12893.5224609375 2236
1784281632921 13446.2734375 2237
1784281632953 12889.6982421875 2238
1784281632984 13493.2919921875 2239
1784281633011 13270.728515625 2240
1784281633041 12573.7841796875 2241
1784281633075 13909.1591796875 2242
1784281633109 13231.4345703125 2243
1784281633142 13572.9111328125 2244
1784281633174 12635.55078125 2245
1784281633208 12719.318359375 2246
1784281633243 13616.1953125 2247
1784281633277 13421.1787109375 2248
1784281633309 13624.619140625 2249
1784281633343 13343.34375 2250
1784281633377 13568.5556640625 2251
1784281633414 12351.7861328125 2252
1784281633448 12309.390625 2253
1784281633487 12695.30078125 2254
1784281633521 12860.095703125 2255
1784281633554 13360.744140625 2256
1784281633587 13731.021484375 2257
1784281633647 12973.779296875 2258
1784281633690 13047.0986328125 2259
1784281633719 13307.3935546875 2260
1784281633745 13626.51953125 2261
1784281633776 13229.6396484375 2262
1784281633809 12070.998046875 2263
1784281633957 13342.123046875 2264
1784281634008 12789.103515625 2265
1784281634038 13078.068359375 2266
1784281634070 13517.12109375 2267
1784281634102 13041.158203125 2268
1784281634134 12342.337890625 2269
1784281634168 13072.6953125 2270
1784281634198 12668.365234375 2271
1784281634233 13409.986328125 2272
1784281634267 13095.259765625 2273
1784281634300 13376.708984375 2274
1784281634340 12740.732421875 2275
1784281634381 12870.541015625 2276
1784281634414 13500.9951171875 2277
1784281634444 13010.966796875 2278
1784281634470 13013.54296875 2279
1784281634515 13087.166015625 2280
1784281634550 13002.4287109375 2281
1784281634584 12621.134765625 2282
1784281634614 14155.12109375 2283
1784281634648 12996.3515625 2284
1784281634683 12995.09765625 2285
1784281634715 13513.0234375 2286
1784281634747 12803.4091796875 2287
1784281634780 14080.662109375 2288
1784281634814 12549.7041015625 2289
1784281634849 14171.328125 2290
1784281634882 13239.546875 2291
1784281634912 12445.5263671875 2292
1784281634940 13257.3984375 2293
1784281634970 12842.220703125 2294
1784281635095 13116.689453125 2295
1784281635124 12570.7578125 2296
1784281635163 12831.94921875 2297
1784281635189 13117.162109375 2298
1784281635230 13610.4619140625 2299
1784281635262 13989.5654296875 2300
1784281635294 13223.6865234375 2301
1784281635327 12897.734375 2302
1784281635361 13106.6015625 2303
1784281635396 13246.140625 2304
1784281635433 12158.85546875 2305
1784281635466 13329.396484375 2306
1784281635502 12973.01953125 2307
1784281635539 13624.765625 2308
1784281635573 13858.4921875 2309
1784281635604 13150.998046875 2310
1784281635633 12138.92578125 2311
1784281635667 13063.056640625 2312
1784281635700 13529.1708984375 2313
1784281635727 12454.6953125 2314
1784281635759 13041.517578125 2315
1784281635791 13048.9736328125 2316
1784281635824 13797.0068359375 2317
1784281635852 13824.361328125 2318
1784281635887 13162.796875 2319
1784281635920 13073.19921875 2320
1784281635959 13353.21484375 2321
1784281636000 14150.2900390625 2322
1784281636038 12441.703125 2323
1784281636183 13254.427734375 2324
1784281636227 13373.87890625 2325
1784281636260 13308.642578125 2326
1784281636296 13452.46484375 2327
1784281636330 13144.146484375 2328
1784281636357 13202.60546875 2329
1784281636384 13061.7685546875 2330
1784281636411 13340.189453125 2331
1784281636444 13060.75390625 2332
1784281636480 12671.75 2333
1784281636505 13394.9111328125 2334
1784281636530 13117.712890625 2335
1784281636559 13059.0654296875 2336
1784281636597 12937.9140625 2337
1784281636642 13414.48046875 2338
1784281636674 12080.083984375 2339
1784281636712 12703.693359375 2340
1784281636748 13118.37109375 2341
1784281636781 12807.3349609375 2342
1784281636816 12580.50390625 2343
1784281636853 13473.935546875 2344
1784281636882 12344.412109375 2345
1784281636913 13907.9443359375 2346
1784281636945 13035.77734375 2347
1784281636976 12680.33984375 2348
1784281637008 12585.03515625 2349
1784281637150 12678.568359375 2350
1784281637205 13092.533203125 2351
1784281637236 12246.93359375 2352
1784281637267 12299.95703125 2353
1784281637296 12914.140625 2354
1784281637324 12885.9033203125 2355
1784281637350 13226.1064453125 2356
1784281637387 13505.4755859375 2357
1784281637428 13069.181640625 2358
1784281637462 12663.57421875 2359
1784281637499 12721.41796875 2360
1784281637546 12244.7666015625 2361
1784281637584 13360.455078125 2362
1784281637613 12685.7890625 2363
1784281637647 14273.15234375 2364
1784281637674 13502.3388671875 2365
1784281637714 12878.564453125 2366
1784281637748 12926.84375 2367
1784281637785 12635.158203125 2368
1784281637827 13137.9521484375 2369
1784281637870 12602.2861328125 2370
1784281637907 12396.919921875 2371
1784281637937 13208.533203125 2372
1784281637965 13141.6962890625 2373
1784281638000 12399.3857421875 2374
1784281638050 14079.306640625 2375
1784281638089 13115.642578125 2376
1784281638118 12738.935546875 2377
1784281638153 13112.046875 2378
1784281638182 13175.826171875 2379
1784281638207 13790.294921875 2380
1784281638242 12886.66015625 2381
1784281638379 12557.890625 2382
1784281638433 13321.51953125 2383
1784281638466 12950.5986328125 2384
1784281638499 12186.482421875 2385
1784281638531 13160.7548828125 2386
1784281638561 12093.35546875 2387
1784281638600 13050.2734375 2388
1784281638635 13404.1875 2389
1784281638670 13303.166015625 2390
1784281638702 13293.3642578125 2391
1784281638726 13151.9736328125 2392
1784281638751 12654.39453125 2393
1784281638787 13117.3466796875 2394
1784281638823 12658.9033203125 2395
1784281638852 12514.091796875 2396
1784281638881 14265.1650390625 2397
1784281638915 12850.435546875 2398
1784281638952 12563.46875 2399
1784281638985 12764.8359375 2400
1784281639046 12677.9208984375 2401
1784281639082 13079.755859375 2402
1784281639112 12358.2236328125 2403
1784281639149 13110.49609375 2404
1784281639182 13125.9296875 2405
1784281639221 12654.70703125 2406
1784281639259 12002.2666015625 2407
1784281639294 12930.2685546875 2408
1784281639330 12930.17578125 2409
1784281639364 12911.5244140625 2410
1784281639488 13006.38671875 2411
1784281639524 12919.12890625 2412
1784281639563 13290.185546875 2413
1784281639598 12625.240234375 2414
1784281639639 12689.01953125 2415
1784281639673 13141.95703125 2416
1784281639706 11504.0400390625 2417
1784281639740 12931.59765625 2418
1784281639771 13809.509765625 2419
1784281639810 12850.2109375 2420
1784281639847 12477.216796875 2421
1784281639884 12568.3134765625 2422
1784281639917 12587.0771484375 2423
1784281639951 12926.3037109375 2424
1784281639983 12389.4052734375 2425
1784281640015 13037.640625 2426
1784281640046 12610.900390625 2427
1784281640079 12945.298828125 2428
1784281640115 13201.4833984375 2429
1784281640167 12521.6669921875 2430
1784281640207 12995.0908203125 2431
1784281640242 12771.240234375 2432
1784281640271 12450.728515625 2433
1784281640297 13195.69140625 2434
1784281640329 13288.662109375 2435
1784281640360 13759.6650390625 2436
1784281640395 13757.87890625 2437
1784281640423 12483.0517578125 2438
1784281640457 13464.8798828125 2439
1784281640499 12790.6328125 2440
1784281640534 13425.5224609375 2441
1784281640584 13194.275390625 2442
1784281640619 12366.6572265625 2443
1784281640740 12962.326171875 2444
1784281640775 12870.30859375 2445
1784281640812 13045.1630859375 2446
1784281640855 12538.875 2447
1784281640879 13428.80859375 2448
1784281640910 13189.55859375 2449
1784281640936 13311.1728515625 2450
1784281640963 13037.109375 2451
1784281640988 12656.677734375 2452
1784281641016 13268.482421875 2453
1784281641048 13430.4453125 2454
1784281641072 14363.853515625 2455
1784281641105 12666.857421875 2456
1784281641138 13712.609375 2457
1784281641174 13710.953125 2458
1784281641209 12152.501953125 2459
1784281641251 13847.310546875 2460
1784281641290 13089.11328125 2461
1784281641322 12708.833984375 2462
1784281641355 13549.7578125 2463
1784281641389 12379.439453125 2464
1784281641422 13497.9462890625 2465
1784281641462 13393.095703125 2466
1784281641496 13153.431640625 2467
1784281641529 13286.94921875 2468
1784281641559 13638.7099609375 2469
1784281641590 13815.0537109375 2470
1784281641619 12466.734375 2471
1784281641650 14185.7783203125 2472
1784281641683 14064.21875 2473
1784281641718 13054.0078125 2474
1784281641765 14055.060546875 2475
1784281641805 12930.240234375 2476
1784281641894 13648.701171875 2477
1784281641935 13620.310546875 2478
1784281641972 12882.0283203125 2479
1784281641996 13393.109375 2480
1784281642021 13398.6328125 2481
1784281642047 13590.623046875 2482
1784281642072 12898.181640625 2483
1784281642104 12840.814453125 2484
1784281642143 13233.31640625 2485
1784281642187 12651.583984375 2486
1784281642226 12931.857421875 2487
1784281642263 12898.375 2488
1784281642296 13423.8232421875 2489
1784281642328 12908.337890625 2490
1784281642360 13095.296875 2491
1784281642393 12767.224609375 2492
1784281642436 13033.1171875 2493
1784281642476 13607.880859375 2494
1784281642518 13543.0537109375 2495
1784281642561 13720.0322265625 2496
1784281642594 13331.9453125 2497
1784281642638 13170.8720703125 2498
1784281642675 12831.828125 2499
1784281642706 13761.689453125 2500
1784281642733 13031.294921875 2501
1784281642850 12642.5576171875 2502
1784281642882 13264.720703125 2503
1784281642923 13645.61328125 2504
1784281642953 12861.220703125 2505
1784281642991 13086.0595703125 2506
1784281643033 12739.666015625 2507
1784281643075 13123.322265625 2508
1784281643111 13029.7109375 2509
1784281643148 12957.84765625 2510
1784281643181 12840.912109375 2511
1784281643217 12663.234375 2512
1784281643250 13258.3115234375 2513
1784281643282 12120.8515625 2514
1784281643321 12245.28125 2515
1784281643360 13227.28125 2516
1784281643388 13471.537109375 2517
1784281643423 13371.462890625 2518
1784281643455 13138.708984375 2519
1784281643485 13380.095703125 2520
1784281643516 13324.056640625 2521
1784281643551 12041.486328125 2522
1784281643584 12706.916015625 2523
1784281643633 13422.828125 2524
1784281643752 12255.6953125 2525
1784281643782 13346.9150390625 2526
1784281643816 13058.0869140625 2527
1784281643839 12811.2626953125 2528
1784281643868 12589.470703125 2529
1784281643896 13516.755859375 2530
1784281643929 13235.4931640625 2531
1784281643959 13123.5625 2532
1784281643996 12809.0947265625 2533
1784281644032 11915.1484375 2534
1784281644067 12693.0234375 2535
1784281644100 12772.41796875 2536
1784281644136 12656.853515625 2537
1784281644172 12819.4716796875 2538
1784281644209 13857.15625 2539
1784281644241 12460.458984375 2540
1784281644270 12407.880859375 2541
1784281644299 13071.3671875 2542
1784281644332 13211.580078125 2543
1784281644364 13583.8896484375 2544
1784281644392 12668.0830078125 2545
1784281644425 12473.6650390625 2546
1784281644488 12562.6298828125 2547
1784281644735 12983.845703125 2548
1784281644837 13470.751953125 2549
1784281644868 12727.07421875 2550
1784281644908 13757.5234375 2551
1784281644961 12292.529296875 2552
1784281644997 12866.294921875 2553
1784281645032 12851.25390625 2554
1784281645064 12695.93359375 2555
1784281645097 13416.2958984375 2556
1784281645130 13008.6767578125 2557
1784281645164 12833.57421875 2558
1784281645195 13842.2119140625 2559
1784281645231 13021.357421875 2560
1784281645260 12768.771484375 2561
1784281645296 13196.705078125 2562
1784281645330 13907.560546875 2563
1784281645367 11552.146484375 2564
1784281645397 13321.19140625 2565
1784281645438 13274.068359375 2566
1784281645477 13815.2265625 2567
1784281645510 12628.98828125 2568
1784281645543 12409.0146484375 2569
1784281645574 12909.94140625 2570
1784281645705 13082.35546875 2571
1784281645736 12782.0205078125 2572
1784281645767 12689.1875 2573
1784281645797 13193.328125 2574
1784281645839 13361.466796875 2575
1784281645868 12964.552734375 2576
1784281645899 12654.134765625 2577
1784281645932 14376.267578125 2578
1784281645967 13449.3310546875 2579
1784281645999 13493.0751953125 2580
1784281646036 13052.34375 2581
1784281646068 12762.576171875 2582
1784281646102 13112.4970703125 2583
1784281646137 13455.658203125 2584
1784281646173 13099.80078125 2585
1784281646216 13314.34765625 2586
1784281646250 13659.392578125 2587
1784281646287 12376.7890625 2588
1784281646324 12826.748046875 2589
1784281646359 13565.6875 2590
1784281646392 12485.19140625 2591
1784281646418 12583.53125 2592
1784281646440 12592.15625 2593
1784281646466 12450.5107421875 2594
1784281646498 12786.5263671875 2595
1784281646537 12655.3125 2596
1784281646584 12362.873046875 2597
1784281646627 12830.0576171875 2598
1784281646666 12656.013671875 2599
1784281646794 13467.005859375 2600
1784281646830 13186.79296875 2601
1784281646866 11772.9609375 2602
1784281646896 13393.39453125 2603
1784281646930 12885.66015625 2604
1784281646961 11839.310546875 2605
1784281646988 13560.2734375 2606
1784281647021 13087.734375 2607
1784281647052 12947.1923828125 2608
1784281647081 13260.326171875 2609
1784281647111 11662.73828125 2610
1784281647145 12837.78125 2611
1784281647180 12207.796875 2612
1784281647215 12880.2138671875 2613
1784281647251 12559.9541015625 2614
1784281647295 12879.068359375 2615
1784281647332 13674.193359375 2616
1784281647372 12850.08203125 2617
1784281647404 12517.193359375 2618
1784281647438 13185.578125 2619
1784281647469 13339.451171875 2620
1784281647499 12671.380859375 2621
1784281647524 13343.541015625 2622
1784281647560 13731.453125 2623
1784281647590 12679.447265625 2624
1784281647619 13413.525390625 2625
1784281647650 13666.03125 2626
1784281647692 13675.9853515625 2627
1784281647732 14287.173828125 2628
1784281647767 12858.021484375 2629
1784281647799 13079.181640625 2630
1784281647831 12531.86328125 2631
1784281647970 12738.451171875 2632
1784281648018 12775.076171875 2633
1784281648053 12624.3134765625 2634
1784281648083 13159.427734375 2635
1784281648114 12888.708984375 2636
1784281648152 13460.130859375 2637
1784281648186 12451.92578125 2638
1784281648217 13357.1171875 2639
1784281648254 13458.3232421875 2640
1784281648289 13130.546875 2641
1784281648326 13824.029296875 2642
1784281648364 12101.75 2643
1784281648396 13767.716796875 2644
1784281648419 12328.294921875 2645
1784281648444 12806.181640625 2646
1784281648467 13456.244140625 2647
1784281648499 12398.8603515625 2648
1784281648535 14316.236328125 2649
1784281648565 12475.390625 2650
1784281648601 12703.630859375 2651
1784281648645 12893.94921875 2652
1784281648682 12886.0673828125 2653
1784281648712 13542.4912109375 2654
1784281648746 13862.54296875 2655
1784281648781 13555.625 2656
1784281648814 12593.396484375 2657
1784281648850 13075.287109375 2658
1784281648879 13609.0244140625 2659
1784281648905 12660.005859375 2660
1784281648938 13530.8701171875 2661
1784281649041 13628.33984375 2662
1784281649067 13341.19140625 2663
1784281649096 13081.2734375 2664
1784281649137 13056.056640625 2665
1784281649171 12308.8125 2666
1784281649208 13365.96484375 2667
1784281649241 12483.673828125 2668
1784281649277 12880.330078125 2669
1784281649312 13424.90625 2670
1784281649347 12724.35546875 2671
1784281649385 14436.314453125 2672
1784281649421 12481.2998046875 2673
1784281649454 14047.4990234375 2674
1784281649491 12690.8115234375 2675
1784281649522 14488.142578125 2676
1784281649563 12774.51171875 2677
1784281649596 13699.5478515625 2678
1784281649628 13934.31640625 2679
1784281649662 13321.078125 2680
1784281649703 13302.8779296875 2681
1784281649733 12952.673828125 2682
1784281649765 13642.142578125 2683
1784281649802 13119.5625 2684
1784281649835 13554.1142578125 2685
1784281649868 13018.935546875 2686
1784281649902 13830.2421875 2687
1784281649934 12809.74609375 2688
1784281649966 12793.765625 2689
1784281649997 12450.6767578125 2690
1784281650033 13550.23828125 2691
1784281650071 13145.2578125 2692
1784281650221 12910.837890625 2693
1784281650253 13214.30078125 2694
1784281650301 12790.6953125 2695
1784281650330 14010.734375 2696
1784281650367 13066.318359375 2697
1784281650399 13690.640625 2698
1784281650431 13165.162109375 2699
1784281650462 13982.62890625 2700
1784281650492 13476.78515625 2701
1784281650519 13283.89453125 2702
1784281650548 12959.5 2703
1784281650577 13954.724609375 2704
1784281650607 13363.7353515625 2705
1784281650634 13520.072265625 2706
1784281650662 14327.4267578125 2707
1784281650690 13644.84765625 2708
1784281650726 13604.6533203125 2709
1784281650768 14387.8408203125 2710
1784281650837 12784.396484375 2711
1784281650878 13961.849609375 2712
1784281650919 13805.72265625 2713
1784281650954 13256.751953125 2714
1784281650992 12819.7939453125 2715
1784281651025 12856.23828125 2716
1784281651059 12958.4716796875 2717
1784281651088 12919.234375 2718
1784281651121 12022.025390625 2719
1784281651154 12663.15234375 2720
1784281651187 13549.4541015625 2721
1784281651224 13274.8662109375 2722
1784281651267 13088.1015625 2723
1784281651309 12950.8310546875 2724
1784281651345 12792.251953125 2725
1784281651377 13134.3916015625 2726
1784281651506 12637.42578125 2727
1784281651542 12311.794921875 2728
1784281651586 13410.8896484375 2729
1784281651619 13353.220703125 2730
1784281651653 13073.4140625 2731
1784281651694 12326.8037109375 2732
1784281651725 13532.69921875 2733
1784281651752 13216.595703125 2734
1784281651781 13732.490234375 2735
1784281651807 13694.076171875 2736
1784281651836 12938.44921875 2737
1784281651879 13918.259765625 2738
1784281651916 13157.505859375 2739
1784281651958 12894.826171875 2740
1784281651992 13707.759765625 2741
1784281652034 14129.279296875 2742
1784281652069 12782.1962890625 2743
1784281652101 14565.791015625 2744
1784281652132 13292.6396484375 2745
1784281652173 13450.740234375 2746
1784281652211 13216.130859375 2747
1784281652244 13330.0537109375 2748
1784281652278 14079.35546875 2749
1784281652308 13651.34765625 2750
1784281652342 13061.70703125 2751
1784281652370 12560.552734375 2752
1784281652399 12693.08984375 2753
1784281652424 13499.068359375 2754
1784281652453 12773.302734375 2755
1784281652485 13007.970703125 2756
1784281652521 12394.30859375 2757
1784281652557 12812.703125 2758
1784281652597 12724.6982421875 2759
1784281652633 12775.904296875 2760
1784281652667 12904.158203125 2761
1784281652697 12962.8359375 2762
1784281652724 13198.435546875 2763
1784281652761 13425.3427734375 2764
1784281652798 13020.3994140625 2765
1784281652832 12555.6484375 2766
1784281652949 12455.814453125 2767
1784281652979 13720.2900390625 2768
1784281653011 12715.84375 2769
1784281653033 13305.880859375 2770
1784281653055 13135.3662109375 2771
1784281653098 13561.015625 2772
1784281653125 12822.373046875 2773
1784281653155 13494.6494140625 2774
1784281653195 13082.7255859375 2775
1784281653234 14152.4619140625 2776
1784281653276 13484.4638671875 2777
1784281653313 13010.171875 2778
1784281653350 13501.87109375 2779
1784281653380 12997.568359375 2780
1784281653412 13459.537109375 2781
1784281653450 12793.947265625 2782
1784281653490 12304.3974609375 2783
1784281653530 12087.24609375 2784
1784281653565 13036.3232421875 2785
1784281653598 13417.064453125 2786
1784281653628 13237.73046875 2787
1784281653661 12693.595703125 2788
1784281653692 13625.00390625 2789
1784281653727 12698.4375 2790
1784281653759 13372.986328125 2791
1784281653815 13524.40234375 2792
1784281653856 12821.287109375 2793
1784281653890 13491.8984375 2794
1784281653916 12981.0625 2795
1784281653944 13346.892578125 2796
1784281653975 13317.56640625 2797
1784281653997 13288.1142578125 2798
1784281654021 12483.2109375 2799
1784281654052 13928.5087890625 2800
1784281654118 13549.7255859375 2801
1784281654214 13503.62109375 2802
1784281654243 13193.271484375 2803
1784281654276 12695.3935546875 2804
1784281654301 12743.8173828125 2805
1784281654333 13280.5234375 2806
1784281654372 13862.3896484375 2807
1784281654415 12461.1337890625 2808
1784281654456 12357.794921875 2809
1784281654491 14070.81640625 2810
