1784399937171 4.852023124694824 0
1784399937184 4.851700782775879 1
1784399937194 4.851334095001221 2
1784399937205 4.851118564605713 3
1784399937217 4.850457191467285 4
1784399937228 4.850320339202881 5
1784399937238 4.848044395446777 6
1784399937250 4.846506118774414 7
1784399937263 4.846923828125 8
1784399937274 4.84835147857666 9
1784399937284 4.842151641845703 10
1784399937294 4.841679573059082 11
1784399937305 4.841116905212402 12
1784399937316 4.8327202796936035 13
1784399937327 4.841339588165283 14
1784399937339 4.824835300445557 15
1784399937351 4.828986167907715 16
1784399937362 4.823877334594727 17
1784399937373 4.826142311096191 18
1784399937384 4.812375545501709 19
1784399937395 4.821645736694336 20
1784399937407 4.810780048370361 21
1784399937420 4.808022499084473 22
1784399937432 4.804843425750732 23
1784399937442 4.785358428955078 24
1784399937454 4.773162841796875 25
1784399937465 4.7886738777160645 26
1784399937476 4.770413875579834 27
1784399937488 4.750778675079346 28
1784399937498 4.770242214202881 29
1784399937509 4.740323066711426 30
1784399937519 4.715958118438721 31
1784399937529 4.7587971687316895 32
1784399937539 4.711884021759033 33
1784399937551 4.7396111488342285 34
1784399937564 4.667134761810303 35
1784399937575 4.735116004943848 36
1784399937586 4.609100818634033 37
1784399937596 4.68278694152832 38
1784399937608 4.693523406982422 39
1784399937621 4.65385627746582 40
1784399937632 4.584888935089111 41
1784399937643 4.616727352142334 42
1784399937656 4.654792308807373 43
1784399937690 4.610099792480469 44
1784399937731 4.594454288482666 45
1784399937771 4.627979278564453 46
1784399937803 4.540699005126953 47
1784399937840 4.490720748901367 48
1784399937886 4.524621486663818 49
1784399937915 4.511163711547852 50
1784399937960 4.555033206939697 51
1784399937994 4.46837043762207 52
1784399938027 4.563543796539307 53
1784399938048 4.491432189941406 54
1784399938065 4.520651340484619 55
1784399938080 4.518267631530762 56
1784399938095 4.502254962921143 57
1784399938111 4.376462459564209 58
1784399938124 4.4047651290893555 59
1784399938137 4.491548538208008 60
1784399938152 4.458436489105225 61
1784399938166 4.42916202545166 62
1784399938178 4.438281536102295 63
1784399938189 4.290195941925049 64
1784399938199 4.329446792602539 65
1784399938209 4.258868217468262 66
1784399938220 4.363980293273926 67
1784399938230 4.291428565979004 68
1784399938241 4.254955291748047 69
1784399938251 4.351226329803467 70
1784399938263 4.308927536010742 71
1784399938274 4.255889892578125 72
1784399938286 4.240303039550781 73
1784399938295 4.249045372009277 74
1784399938306 4.302346706390381 75
1784399938317 4.210253715515137 76
1784399938328 4.249728202819824 77
1784399938339 4.320701599121094 78
1784399938350 4.340278148651123 79
1784399938362 4.206184387207031 80
1784399938373 4.3199334144592285 81
1784399938385 4.267652988433838 82
1784399938396 4.152334690093994 83
1784399938407 4.290656566619873 84
1784399938418 4.089334011077881 85
1784399938429 4.0965447425842285 86
1784399938440 3.9148921966552734 87
1784399938451 4.164112091064453 88
1784399938463 4.149198055267334 89
1784399938472 4.047093868255615 90
1784399938482 4.203474044799805 91
1784399938493 4.250405788421631 92
1784399938504 3.9897851943969727 93
1784399938516 4.09747314453125 94
1784399938527 4.048957824707031 95
1784399938538 4.211137294769287 96
1784399938550 4.117663860321045 97
1784399938564 3.9828031063079834 98
1784399938575 3.9862236976623535 99
1784399938585 4.096866130828857 100
1784399938596 4.243815898895264 101
1784399938608 4.144689559936523 102
1784399938617 4.140902519226074 103
1784399938629 4.041814804077148 104
1784399938640 3.994478940963745 105
1784399938651 3.8804757595062256 106
1784399938661 4.02231502532959 107
1784399938673 4.006722450256348 108
1784399938683 4.128511428833008 109
1784399938694 4.073686599731445 110
1784399938705 4.012933254241943 111
1784399938717 4.078283786773682 112
1784399938727 3.9325170516967773 113
1784399938738 3.9355220794677734 114
1784399938750 4.088753700256348 115
1784399938761 3.8731298446655273 116
1784399938772 4.113377094268799 117
1784399938782 3.9579544067382812 118
1784399938792 3.898508310317993 119
1784399938802 3.9772207736968994 120
1784399938813 3.8837950229644775 121
1784399938823 3.802687168121338 122
1784399938834 3.8055388927459717 123
1784399939260 3.816512107849121 124
1784399939270 3.761211395263672 125
1784399939281 3.9038002490997314 126
1784399939291 4.054676055908203 127
1784399939303 3.818596839904785 128
1784399939314 4.00332498550415 129
1784399939324 3.8475887775421143 130
1784399939336 3.8152475357055664 131
1784399939348 3.7605295181274414 132
1784399939358 3.730823516845703 133
1784399939370 3.8253324031829834 134
1784399939381 3.864405393600464 135
1784399939394 3.9152567386627197 136
1784399939404 3.7550086975097656 137
1784399939415 3.924962282180786 138
1784399939426 3.8065009117126465 139
1784399939437 3.739205837249756 140
1784399939448 3.8429343700408936 141
1784399939459 3.9257545471191406 142
1784399939470 3.72873592376709 143
1784399939481 3.789621114730835 144
1784399939492 3.7716782093048096 145
1784399939505 3.878035068511963 146
1784399939516 3.9226739406585693 147
1784399939527 3.8853816986083984 148
1784399939539 3.828012228012085 149
1784399939550 3.6593399047851562 150
1784399939562 3.697871208190918 151
1784399939573 3.766930103302002 152
1784399939584 3.8317978382110596 153
1784399939596 3.6470463275909424 154
1784399939607 3.7076001167297363 155
1784399939618 3.634239912033081 156
1784399939629 3.685933828353882 157
1784399939639 3.5942461490631104 158
1784399939650 3.680670738220215 159
1784399939661 4.0083465576171875 160
1784399939672 3.7155354022979736 161
1784399939681 3.5763068199157715 162
1784399939724 3.5359997749328613 163
1784399939772 3.684905767440796 164
1784399939803 3.56697154045105 165
1784399939865 3.8084006309509277 166
1784399939894 3.5745797157287598 167
1784399939930 3.554553270339966 168
1784399939966 3.7517848014831543 169
1784399940007 3.5407347679138184 170
1784399940039 3.488198757171631 171
1784399940059 3.6807150840759277 172
1784399940075 3.648672580718994 173
1784399940087 3.8270716667175293 174
1784399940101 3.6969237327575684 175
1784399940114 3.6291069984436035 176
1784399940125 3.7427845001220703 177
1784399940138 3.678234577178955 178
1784399940150 3.621598482131958 179
1784399940163 3.9088239669799805 180
1784399940176 3.5928077697753906 181
1784399940189 3.722745656967163 182
1784399940203 3.526019334793091 183
1784399940217 3.552278995513916 184
1784399940230 3.69016170501709 185
1784399940246 3.5827507972717285 186
1784399940261 3.6983652114868164 187
1784399940274 3.592907667160034 188
1784399940286 3.673546075820923 189
1784399940298 3.809459686279297 190
1784399940310 3.469865083694458 191
1784399940324 3.445305824279785 192
1784399940338 3.5996057987213135 193
1784399940350 3.5050830841064453 194
1784399940362 3.811933755874634 195
1784399940376 3.3549859523773193 196
1784399940389 3.6727163791656494 197
1784399940400 3.5579171180725098 198
1784399940411 3.4561047554016113 199
1784399940423 3.5637996196746826 200
1784399940434 3.4675278663635254 201
1784399940447 3.5094361305236816 202
1784399940460 3.5989480018615723 203
1784399940472 3.401611804962158 204
1784399940484 3.550255298614502 205
1784399940495 3.4551002979278564 206
1784399940508 3.6508610248565674 207
1784399940522 3.349489450454712 208
1784399940534 3.415374279022217 209
1784399940544 3.439591884613037 210
1784399940557 3.4491260051727295 211
1784399940568 3.547567367553711 212
1784399940579 3.551443576812744 213
1784399940591 3.417335271835327 214
1784399940603 3.642648696899414 215
1784399940615 3.5994420051574707 216
1784399940628 3.509526252746582 217
1784399940641 3.400118350982666 218
1784399940653 3.4457314014434814 219
1784399940665 3.4782047271728516 220
1784399940678 3.3598179817199707 221
1784399940691 3.459059715270996 222
1784399940705 3.4559946060180664 223
1784399940718 3.277127504348755 224
1784399940730 3.5287697315216064 225
1784399940742 3.328361749649048 226
1784399940755 3.408134698867798 227
1784399940767 3.1860947608947754 228
1784399940779 3.372541904449463 229
1784399940792 3.3683979511260986 230
1784399940805 3.470839023590088 231
1784399940817 3.3245208263397217 232
1784399940829 3.454939603805542 233
1784399940840 3.509714365005493 234
1784399940853 3.2551329135894775 235
1784399940864 3.570429801940918 236
1784399940875 3.5558226108551025 237
1784399940886 3.476332902908325 238
1784399940899 3.5688095092773438 239
1784399940912 3.58123517036438 240
1784399940923 3.431950569152832 241
1784399940937 3.478893995285034 242
1784399940949 3.4199135303497314 243
1784399940961 3.4596810340881348 244
1784399940973 3.3854076862335205 245
1784399940984 3.4025468826293945 246
1784399940997 3.2417612075805664 247
1784399941431 3.4210116863250732 248
1784399941442 3.410870313644409 249
1784399941454 3.4812989234924316 250
1784399941465 3.2555737495422363 251
1784399941477 3.4272801876068115 252
1784399941488 3.4364588260650635 253
1784399941499 3.418881416320801 254
1784399941511 3.2983269691467285 255
1784399941523 3.4560203552246094 256
1784399941536 3.555020809173584 257
1784399941549 3.2959794998168945 258
1784399941559 3.1776254177093506 259
1784399941573 3.4864907264709473 260
1784399941584 3.297464370727539 261
1784399941595 3.341587543487549 262
1784399941607 3.3175175189971924 263
1784399941618 3.413360595703125 264
1784399941631 3.2786073684692383 265
1784399941643 3.3574893474578857 266
1784399941655 3.345879077911377 267
1784399941666 3.3986096382141113 268
1784399941677 3.4626498222351074 269
1784399941689 3.248199462890625 270
1784399941701 3.344897985458374 271
1784399941711 3.3135011196136475 272
1784399941722 3.3688011169433594 273
1784399941736 3.3696937561035156 274
1784399941747 3.388615608215332 275
1784399941759 3.2955269813537598 276
1784399941771 3.6180152893066406 277
1784399941782 3.422545909881592 278
1784399941794 2.992328643798828 279
1784399941806 3.215581178665161 280
1784399941818 3.5117733478546143 281
1784399941832 3.5784459114074707 282
1784399941846 3.1019537448883057 283
1784399941857 3.1327953338623047 284
1784399941870 3.5604405403137207 285
1784399941881 3.345625638961792 286
1784399941893 3.333845376968384 287
1784399941904 3.3560853004455566 288
1784399941915 3.394778251647949 289
1784399941927 3.2329659461975098 290
1784399941940 3.418978452682495 291
1784399941952 3.406179428100586 292
1784399941966 3.374161720275879 293
1784399941978 3.2336647510528564 294
1784399941989 3.3813071250915527 295
1784399942000 3.1827073097229004 296
1784399942011 3.450207233428955 297
1784399942021 3.336613178253174 298
1784399942033 3.182680606842041 299
1784399942045 3.430086851119995 300
1784399942058 3.293454647064209 301
1784399942072 3.2017366886138916 302
1784399942083 3.339517116546631 303
1784399942095 3.3408803939819336 304
1784399942105 3.0366649627685547 305
1784399942118 3.3518002033233643 306
1784399942129 3.360126256942749 307
1784399942141 3.3190529346466064 308
1784399942153 3.452385663986206 309
1784399942167 3.262059450149536 310
1784399942179 3.0130250453948975 311
1784399942192 3.071434497833252 312
1784399942205 3.4668190479278564 313
1784399942217 3.1845011711120605 314
1784399942228 3.270709753036499 315
1784399942240 3.1389260292053223 316
1784399942252 3.050593614578247 317
1784399942264 3.3908486366271973 318
1784399942276 3.1928892135620117 319
1784399942287 3.281930685043335 320
1784399942298 3.2719061374664307 321
1784399942309 3.2608988285064697 322
1784399942322 3.351142406463623 323
1784399942333 3.333513021469116 324
1784399942345 3.196943998336792 325
1784399942361 3.217194080352783 326
1784399942372 3.247267246246338 327
1784399942383 3.4102001190185547 328
1784399942394 3.1468796730041504 329
1784399942406 3.2474722862243652 330
1784399942418 3.3231310844421387 331
1784399942430 3.1655728816986084 332
1784399942441 3.0368895530700684 333
1784399942452 3.0981926918029785 334
1784399942463 3.231489419937134 335
1784399942475 3.322002649307251 336
1784399942487 3.208728790283203 337
1784399942498 3.040300130844116 338
1784399942510 3.3479247093200684 339
1784399942522 3.0350029468536377 340
1784399942537 3.3201236724853516 341
1784399942549 3.3964803218841553 342
1784399942562 3.3639533519744873 343
1784399942575 3.2796666622161865 344
1784399942588 3.3110861778259277 345
1784399942603 3.24000883102417 346
1784399942618 3.2623953819274902 347
1784399942632 3.1533126831054688 348
1784399942643 3.4600632190704346 349
1784399942655 3.153337240219116 350
1784399942668 3.1154935359954834 351
1784399942680 3.302135467529297 352
1784399942692 3.124762773513794 353
1784399942703 3.2929365634918213 354
1784399942715 3.318115472793579 355
1784399942727 3.306025266647339 356
1784399942739 3.1611878871917725 357
1784399942751 3.304780960083008 358
1784399942762 3.186788320541382 359
1784399942775 3.317375421524048 360
1784399942787 3.163816452026367 361
1784399942798 3.214315891265869 362
1784399942810 3.3390471935272217 363
1784399942821 3.2816689014434814 364
1784399942832 3.1846659183502197 365
1784399942846 3.20820951461792 366
1784399942857 3.1459927558898926 367
1784399942869 3.3518872261047363 368
1784399942881 3.1915719509124756 369
1784399942892 3.1619062423706055 370
1784399942905 3.365945339202881 371
