1784277026068 2.365103006362915 0
1784277026080 2.231433629989624 1
1784277026091 2.3115527629852295 2
1784277026102 2.1997838020324707 3
1784277026112 2.2095911502838135 4
1784277026122 2.290593147277832 5
1784277026132 1.8958592414855957 6
1784277026142 2.0178239345550537 7
1784277026153 1.9303359985351562 8
1784277026165 2.0135843753814697 9
1784277026175 1.7465050220489502 10
1784277026186 1.8916943073272705 11
1784277026198 1.8679512739181519 12
1784277026209 1.7222148180007935 13
1784277026220 1.8611959218978882 14
1784277026231 1.7195342779159546 15
1784277026241 1.614161491394043 16
1784277026252 1.5367374420166016 17
1784277026263 1.6904292106628418 18
1784277026273 1.516610026359558 19
1784277026284 1.4614437818527222 20
1784277026304 1.6070716381072998 21
1784277026315 1.4792882204055786 22
1784277026325 1.4517604112625122 23
1784277026338 1.4406193494796753 24
1784277026348 1.3060837984085083 25
1784277026359 1.20299232006073 26
1784277026369 1.16714346408844 27
1784277026380 1.1587625741958618 28
1784277026391 1.210328221321106 29
1784277026402 1.164687156677246 30
1784277026413 1.2308189868927002 31
1784277026424 1.3620983362197876 32
1784277026434 1.246274471282959 33
1784277026449 1.1136233806610107 34
1784277026459 1.0212082862854004 35
1784277026472 1.0826358795166016 36
1784277026482 1.247471809387207 37
1784277026494 1.0423195362091064 38
1784277026506 1.1199157238006592 39
1784277026517 0.9705552458763123 40
1784277026527 0.9904089570045471 41
1784277026537 0.9444342255592346 42
1784277026548 0.9041860699653625 43
1784277026559 1.020832896232605 44
1784277026571 1.041090726852417 45
1784277026581 1.0550018548965454 46
1784277026592 1.0698038339614868 47
1784277026603 0.9388093948364258 48
1784277026613 0.9279899597167969 49
1784277026623 1.0589030981063843 50
1784277026634 0.7830377221107483 51
1784277026645 0.9104253053665161 52
1784277026656 1.0531294345855713 53
1784277026667 0.7325436472892761 54
1784277026678 0.8871521353721619 55
1784277026690 0.9044248461723328 56
1784277026701 0.749337375164032 57
1784277026711 0.6837779879570007 58
1784277026721 0.796042263507843 59
1784277026733 0.7878864407539368 60
1784277026744 0.7092790603637695 61
1784277026756 0.933504045009613 62
1784277026768 0.9074646234512329 63
1784277026780 0.6450745463371277 64
1784277026791 0.8155381083488464 65
1784277026802 0.843478798866272 66
1784277026812 0.7002281546592712 67
1784277026822 0.7677274346351624 68
1784277026833 0.7883961796760559 69
1784277026844 0.6357100009918213 70
1784277026853 0.8974400758743286 71
1784277026864 0.6349211931228638 72
1784277026874 0.8511518836021423 73
1784277026885 1.0770938396453857 74
1784277026897 0.6441709995269775 75
1784277026908 0.5387813448905945 76
1784277026919 0.7981154918670654 77
1784277026933 0.633228063583374 78
1784277026942 0.6840561628341675 79
1784277026953 0.6854051351547241 80
1784277026965 0.7650035619735718 81
1784277026977 0.6824269890785217 82
1784277026988 0.7201058864593506 83
1784277026998 0.5130242705345154 84
1784277027008 0.8902630805969238 85
1784277027018 0.6957606673240662 86
1784277027028 0.7264091968536377 87
1784277027041 0.5531418919563293 88
1784277027053 0.5179232358932495 89
1784277027064 0.7528791427612305 90
1784277027074 0.5882341861724854 91
1784277027086 0.8228011131286621 92
1784277027097 0.6583341360092163 93
1784277027107 0.5814023017883301 94
1784277027117 0.5672160983085632 95
1784277027127 0.7862604856491089 96
1784277027137 0.7310288548469543 97
1784277027148 0.5767253637313843 98
1784277027158 0.7021788954734802 99
1784277027170 0.472456693649292 100
1784277027181 0.5870881080627441 101
1784277027190 0.7546539902687073 102
1784277027202 0.6317983269691467 103
1784277027213 0.5337616801261902 104
1784277027222 0.7659556865692139 105
1784277027232 0.7366857528686523 106
1784277027244 0.588355541229248 107
1784277027254 0.7770145535469055 108
1784277027265 0.4949049651622772 109
1784277027275 0.8918296098709106 110
1784277027285 0.7744430303573608 111
1784277027295 0.677703857421875 112
1784277027305 0.4444635212421417 113
1784277027315 0.5737031102180481 114
1784277027325 0.7252203822135925 115
1784277027335 0.4880372881889343 116
1784277027347 0.5086867809295654 117
1784277027356 0.6452915072441101 118
1784277027367 0.6533123850822449 119
1784277027378 0.8087224960327148 120
1784277027389 0.8152778744697571 121
1784277027400 0.7161781787872314 122
1784277027411 0.47033363580703735 123
1784277027421 0.8277226686477661 124
1784277027431 0.6225184202194214 125
1784277027441 0.6346049904823303 126
1784277027452 0.4369650185108185 127
1784277027463 0.5265631079673767 128
1784277027472 0.8453984260559082 129
1784277027484 0.4977870583534241 130
1784277027495 0.9566385746002197 131
1784277027505 0.5685408115386963 132
1784277027516 0.6235966682434082 133
1784277027527 0.5643284916877747 134
1784277027538 0.49635884165763855 135
1784277027548 0.6702150702476501 136
1784277027560 0.613606870174408 137
1784277027570 0.5638014078140259 138
1784277027581 0.8007829785346985 139
1784277027592 0.5471230149269104 140
1784277027604 0.34069451689720154 141
1784277027614 0.6056580543518066 142
1784277027626 0.7764831185340881 143
1784277027640 0.6390360593795776 144
1784277027651 0.5548725128173828 145
1784277027662 0.5710850358009338 146
1784277027672 0.7309356927871704 147
1784277027684 0.5275900363922119 148
1784277027696 0.514225423336029 149
1784277027706 0.6646784543991089 150
1784277027716 0.5480254888534546 151
1784277027727 0.6845619082450867 152
1784277027737 0.8942762017250061 153
1784277027749 0.5139480829238892 154
1784277027760 0.6271512508392334 155
1784277027770 0.45068469643592834 156
1784277027780 0.6823539733886719 157
1784277027791 0.5894330739974976 158
1784277027803 0.40141552686691284 159
1784277027814 0.8213549852371216 160
1784277027825 0.36147308349609375 161
1784277027836 0.5134279727935791 162
1784277027847 0.4068220555782318 163
1784277027858 0.4869435429573059 164
1784277027870 0.5802221894264221 165
1784277027881 0.35179373621940613 166
1784277027890 0.4809590280056 167
1784277027902 0.4406851530075073 168
1784277027913 0.5495699644088745 169
1784277027924 0.29037967324256897 170
1784277027934 0.6401053667068481 171
1784277027945 0.5193210244178772 172
1784277027956 0.6984608173370361 173
1784277027967 0.7055215835571289 174
1784277027978 0.5858455896377563 175
1784277027988 0.6007801294326782 176
1784277028000 0.3840993046760559 177
1784277028011 0.3868430256843567 178
1784277028022 0.5793723464012146 179
1784277028032 0.3179534673690796 180
1784277028041 0.8681178092956543 181
1784277028052 0.6543713808059692 182
1784277028063 0.3511825203895569 183
1784277028073 0.578980565071106 184
1784277028085 0.5396641492843628 185
1784277028096 0.4762166738510132 186
1784277028108 0.7743865251541138 187
1784277028120 0.4938870668411255 188
1784277028133 0.29186439514160156 189
1784277028145 0.5034734010696411 190
1784277028157 0.6676628589630127 191
1784277028170 0.44231146574020386 192
1784277028182 0.4196893572807312 193
1784277028193 0.5803008079528809 194
1784277028204 0.6290650367736816 195
1784277028215 0.5850833058357239 196
1784277028227 0.42322105169296265 197
1784277028237 0.5603703856468201 198
1784277028247 0.40775445103645325 199
1784277028257 0.5365601778030396 200
1784277028268 0.26023468375205994 201
1784277028279 0.683596134185791 202
1784277028289 0.2689226567745209 203
1784277028300 0.6560898423194885 204
1784277028311 0.38576358556747437 205
1784277028321 0.4464736878871918 206
1784277028332 0.5453675985336304 207
1784277028344 0.4274514317512512 208
1784277028355 0.7342231273651123 209
1784277028365 0.5769907832145691 210
1784277028375 0.3407774269580841 211
1784277028386 0.6214690208435059 212
1784277028398 0.41291800141334534 213
1784277028408 0.6663566827774048 214
1784277028419 0.4387955367565155 215
1784277028431 0.605554461479187 216
1784277028441 0.49358734488487244 217
1784277028452 0.6013056039810181 218
1784277028463 0.6167427897453308 219
1784277028474 0.55665522813797 220
1784277028485 0.850989043712616 221
1784277028497 0.526335597038269 222
1784277028507 0.5605543255805969 223
1784277028517 0.7742120623588562 224
1784277028528 0.7057016491889954 225
1784277028538 0.5084622502326965 226
1784277028549 0.37351343035697937 227
1784277028560 0.41787201166152954 228
1784277028570 0.5142759680747986 229
1784277028584 0.5040154457092285 230
1784277028596 0.4627203047275543 231
1784277028615 0.6393495798110962 232
1784277028625 0.5802105665206909 233
1784277028636 0.5827122926712036 234
1784277028648 0.49550458788871765 235
1784277028658 0.44707533717155457 236
1784277028669 0.4300440549850464 237
1784277028680 0.5302101969718933 238
1784277028690 0.4465550184249878 239
1784277028701 0.6525181531906128 240
1784277028711 0.5092583298683167 241
1784277028721 0.3276767432689667 242
1784277028732 0.8247002363204956 243
1784277028743 0.5517659783363342 244
1784277028754 0.7442703247070312 245
1784277028764 0.4201759994029999 246
1784277028774 0.5925743579864502 247
1784277028785 0.7393078804016113 248
1784277028796 0.3132961392402649 249
1784277028806 0.48436239361763 250
1784277028817 0.6613901257514954 251
1784277028829 0.6302155256271362 252
1784277028839 0.4726792871952057 253
1784277028850 0.30640363693237305 254
1784277028861 0.3255102038383484 255
1784277028871 0.49140965938568115 256
1784277028882 0.4748242497444153 257
1784277028893 0.49690675735473633 258
1784277028904 0.48402756452560425 259
1784277028917 0.3455667793750763 260
1784277028928 0.3046784996986389 261
1784277028938 0.42947515845298767 262
1784277028949 0.4002137780189514 263
1784277028959 0.39866018295288086 264
1784277028970 0.5364977121353149 265
1784277028982 0.2622753381729126 266
1784277028993 0.2536681890487671 267
1784277029007 0.3639901876449585 268
1784277029018 0.3701814115047455 269
1784277029029 0.687034010887146 270
1784277029039 0.4819844961166382 271
1784277029052 0.5632612705230713 272
1784277029063 0.8480619788169861 273
1784277029073 0.3166266083717346 274
1784277029085 0.5647357702255249 275
1784277029096 0.4239036738872528 276
1784277029106 0.5528227686882019 277
1784277029118 0.5034158825874329 278
1784277029128 0.8358535766601562 279
1784277029139 0.2735224664211273 280
1784277029149 0.36808186769485474 281
1784277029160 0.6009199619293213 282
1784277029171 0.43058544397354126 283
1784277029181 0.3068249821662903 284
1784277029192 0.5022863149642944 285
1784277029204 0.3161950409412384 286
1784277029215 0.646234393119812 287
1784277029226 0.5036118626594543 288
1784277029237 0.3453013598918915 289
1784277029248 0.23157842457294464 290
1784277029258 0.6075658798217773 291
1784277029269 0.40068942308425903 292
1784277029280 0.48765113949775696 293
1784277029294 0.38299456238746643 294
1784277029305 0.3301948606967926 295
1784277029316 0.3496958315372467 296
1784277029328 0.27326810359954834 297
1784277029337 0.3640561103820801 298
1784277029348 0.5757201910018921 299
1784277029358 0.44377806782722473 300
1784277029369 0.37995535135269165 301
1784277029380 0.3228890001773834 302
1784277029389 0.3043172061443329 303
1784277029401 0.263071209192276 304
1784277029411 0.36400407552719116 305
1784277029421 0.4274701774120331 306
1784277029432 0.3352954387664795 307
1784277029443 0.3418724834918976 308
1784277029453 0.40416842699050903 309
1784277029464 0.7176439762115479 310
1784277029474 0.546872615814209 311
1784277029485 0.2850837707519531 312
1784277029496 0.4964357018470764 313
1784277029509 0.5352811813354492 314
1784277029522 0.30514901876449585 315
1784277029532 0.5688713788986206 316
1784277029543 0.3924046456813812 317
1784277029553 0.43104687333106995 318
1784277029563 0.24534349143505096 319
1784277029574 0.16535252332687378 320
1784277029585 0.4514387249946594 321
1784277029595 0.48368746042251587 322
1784277029605 0.558361291885376 323
1784277029616 0.51068514585495 324
1784277029626 0.38762199878692627 325
1784277029637 0.3742493987083435 326
1784277029648 1.1012663841247559 327
1784277029659 0.7193965315818787 328
1784277029670 0.6673104763031006 329
1784277029681 0.6388899683952332 330
1784277029691 0.6705771684646606 331
1784277029702 0.36976006627082825 332
1784277029713 0.364063024520874 333
1784277029723 0.4453546106815338 334
1784277029733 0.31703677773475647 335
1784277029743 0.4265088737010956 336
1784277029755 0.5260366797447205 337
1784277029765 0.46722424030303955 338
1784277029776 0.4678773880004883 339
1784277029786 0.39432811737060547 340
1784277029797 0.30194446444511414 341
1784277029807 0.226233571767807 342
1784277029818 0.3994107246398926 343
1784277029829 0.24810843169689178 344
1784277029840 0.3927694261074066 345
1784277029850 0.7486594319343567 346
1784277029860 0.40997737646102905 347
1784277029873 0.4022103250026703 348
1784277029884 0.43641725182533264 349
1784277029895 0.3073429465293884 350
1784277029906 0.5787291526794434 351
1784277029916 0.7375670075416565 352
1784277029927 0.41289106011390686 353
1784277029938 0.6572821140289307 354
1784277029949 0.5543075799942017 355
1784277029960 0.5026675462722778 356
1784277029969 0.34276077151298523 357
1784277029980 0.47034257650375366 358
1784277029990 0.23931334912776947 359
1784277030001 0.4725928008556366 360
1784277030013 0.3539263606071472 361
1784277030023 0.46958088874816895 362
1784277030033 0.4902939796447754 363
1784277030043 0.27862411737442017 364
1784277030055 0.41509810090065 365
1784277030066 0.3070988953113556 366
1784277030076 0.6711064577102661 367
1784277030086 0.3523813784122467 368
1784277030097 0.4365258812904358 369
1784277030107 0.44791102409362793 370
1784277030118 0.3670795261859894 371
1784277030129 0.3849943280220032 372
1784277030140 0.2831321656703949 373
1784277030152 0.41721010208129883 374
1784277030163 0.3520122170448303 375
1784277030174 0.5285730957984924 376
1784277030186 0.40141561627388 377
1784277030197 0.43946853280067444 378
1784277030207 0.2221580296754837 379
1784277030217 0.558093786239624 380
1784277030227 0.27697253227233887 381
1784277030237 0.43959349393844604 382
1784277030248 0.2885880470275879 383
1784277030258 0.2940862774848938 384
1784277030269 0.43717971444129944 385
1784277030280 0.4639431834220886 386
1784277030291 0.22582373023033142 387
1784277030302 0.522864580154419 388
1784277030313 0.24339552223682404 389
1784277030324 0.5761063098907471 390
1784277030338 0.3161740005016327 391
1784277030349 0.6357710361480713 392
1784277030360 0.3050500154495239 393
1784277030372 0.36091935634613037 394
1784277030383 0.5887570977210999 395
1784277030394 0.5816584229469299 396
1784277030406 0.48919257521629333 397
1784277030416 0.19206933677196503 398
1784277030426 0.7083966732025146 399
1784277030437 0.2278241664171219 400
1784277030448 0.5288418531417847 401
1784277030459 0.5084016919136047 402
1784277030472 0.1750659942626953 403
1784277030484 0.2755361795425415 404
1784277030494 0.41411101818084717 405
1784277030505 0.5662602186203003 406
1784277030531 0.2917826175689697 407
1784277030542 0.10163210332393646 408
1784277030553 0.5911452770233154 409
1784277030563 0.5136860013008118 410
1784277030573 0.3701784610748291 411
1784277030585 0.28372886776924133 412
1784277030596 0.24391725659370422 413
1784277030605 0.34621602296829224 414
1784277030615 0.38991862535476685 415
1784277030625 0.2449677288532257 416
1784277030636 0.3587663173675537 417
1784277030647 0.34085580706596375 418
1784277030657 0.19202463328838348 419
1784277030668 0.37784549593925476 420
1784277030680 0.32018306851387024 421
1784277030690 0.2810244858264923 422
1784277030700 0.5344229936599731 423
1784277030713 0.5344180464744568 424
1784277030723 0.50173419713974 425
1784277030734 0.688220739364624 426
1784277030744 0.46090954542160034 427
1784277030754 0.37322378158569336 428
1784277030764 0.6427423357963562 429
1784277030775 0.4018605053424835 430
1784277030787 0.5425671935081482 431
1784277030799 0.4321947693824768 432
1784277030809 0.3002074658870697 433
1784277030819 0.30638280510902405 434
1784277030830 0.5443365573883057 435
1784277030842 0.6265177726745605 436
1784277030853 0.40621116757392883 437
1784277030863 0.42570358514785767 438
1784277030873 0.5737888813018799 439
1784277030884 0.28694668412208557 440
1784277030895 0.28269094228744507 441
1784277030906 0.47829264402389526 442
1784277030917 0.3766014575958252 443
1784277030928 0.3333171010017395 444
1784277030939 0.27424943447113037 445
1784277030950 0.8204619288444519 446
1784277030961 0.29705676436424255 447
1784277030972 0.5342497229576111 448
1784277030982 0.2970835566520691 449
1784277030994 0.23367927968502045 450
1784277031006 0.2629740536212921 451
1784277031017 0.20285141468048096 452
1784277031029 0.4900773763656616 453
1784277031040 0.3559873700141907 454
1784277031051 0.2638913094997406 455
1784277031062 0.49762994050979614 456
1784277031072 0.2964622378349304 457
1784277031083 0.36295247077941895 458
1784277031092 0.48139679431915283 459
1784277031105 0.5239911079406738 460
1784277031116 0.45120418071746826 461
1784277031126 0.28803080320358276 462
1784277031136 0.6204056143760681 463
1784277031146 0.3281596601009369 464
1784277031156 0.12044373154640198 465
1784277031168 0.25319936871528625 466
1784277031181 0.46722978353500366 467
1784277031191 0.5707013607025146 468
1784277031201 0.5337767601013184 469
1784277031212 0.3173145651817322 470
1784277031222 0.5135310888290405 471
1784277031234 0.6868923902511597 472
1784277031245 0.41706663370132446 473
1784277031255 0.47752970457077026 474
1784277031266 0.516019344329834 475
1784277031277 0.17117364704608917 476
1784277031287 0.42531517148017883 477
1784277031300 0.4413408637046814 478
1784277031311 0.26037731766700745 479
1784277031320 0.5296825170516968 480
1784277031331 0.3884243369102478 481
1784277031342 0.1758125126361847 482
1784277031352 0.2240593433380127 483
1784277031362 0.4662131369113922 484
1784277031372 0.42734280228614807 485
1784277031383 0.6192511320114136 486
1784277031394 0.510653018951416 487
1784277031403 0.4606078565120697 488
1784277031415 0.4226795434951782 489
1784277031426 0.4761313796043396 490
1784277031437 0.3310249149799347 491
1784277031447 0.5076351165771484 492
1784277031457 0.6630042791366577 493
1784277031468 0.3048444390296936 494
1784277031480 0.26134228706359863 495
1784277031490 0.35367247462272644 496
1784277031503 0.5360003709793091 497
1784277031514 0.33825716376304626 498
1784277031524 0.4923327565193176 499
1784277031535 0.3470228612422943 500
1784277031546 0.3733070492744446 501
1784277031556 0.4055556654930115 502
1784277031568 0.42629554867744446 503
1784277031580 0.4255637526512146 504
1784277031590 0.5194869041442871 505
1784277031601 0.31112703680992126 506
1784277031612 0.296162486076355 507
1784277031622 0.6188893914222717 508
1784277031632 0.17892929911613464 509
1784277031642 0.1293502300977707 510
1784277031655 0.2382766157388687 511
1784277031665 0.23231321573257446 512
1784277031675 0.3901987373828888 513
1784277031686 0.3673838973045349 514
1784277031697 0.37211838364601135 515
1784277031707 0.3362258970737457 516
1784277031718 0.7196961045265198 517
1784277031728 0.5444988012313843 518
1784277031738 0.32301706075668335 519
1784277031749 0.5499146580696106 520
1784277031759 0.4803350865840912 521
1784277031772 0.3847197890281677 522
1784277031783 0.8482504487037659 523
1784277031794 0.6592434644699097 524
1784277031804 0.4104107916355133 525
1784277031815 0.5776310563087463 526
1784277031825 0.43774452805519104 527
1784277031836 0.4536550045013428 528
1784277031846 0.4397529363632202 529
1784277031857 0.6559876799583435 530
1784277031868 0.46305736899375916 531
1784277031879 0.23850898444652557 532
1784277031889 0.5047662258148193 533
1784277031901 0.28197595477104187 534
1784277031912 0.7178176045417786 535
1784277031922 0.288091242313385 536
1784277031933 0.14477764070034027 537
1784277031944 0.7124091982841492 538
1784277031954 0.3559773862361908 539
1784277031965 0.4201989471912384 540
1784277031976 0.35460641980171204 541
1784277031987 0.2418859750032425 542
1784277031998 0.44080379605293274 543
1784277032008 0.18186712265014648 544
1784277032018 0.12931722402572632 545
1784277032029 0.29897287487983704 546
1784277032039 0.9602256417274475 547
1784277032050 0.18685764074325562 548
1784277032061 0.23596599698066711 549
1784277032071 0.4134918749332428 550
1784277032082 0.42923402786254883 551
1784277032093 0.35267460346221924 552
1784277032103 0.19401058554649353 553
1784277032115 0.4946326017379761 554
1784277032126 0.4514809250831604 555
1784277032137 0.41377153992652893 556
1784277032148 0.3340870141983032 557
1784277032158 1.0363876819610596 558
1784277032169 0.4481155574321747 559
1784277032180 0.36531832814216614 560
1784277032191 0.2376129925251007 561
1784277032202 0.4449023902416229 562
1784277032213 0.28264740109443665 563
1784277032223 0.34852197766304016 564
1784277032233 0.321466863155365 565
1784277032244 0.39441579580307007 566
1784277032256 0.35515502095222473 567
1784277032267 0.5414709448814392 568
1784277032277 0.3440801203250885 569
1784277032288 0.22085458040237427 570
1784277032299 0.34235525131225586 571
1784277032308 0.7918264865875244 572
1784277032318 0.5667849779129028 573
1784277032329 0.17590367794036865 574
1784277032341 0.23795412480831146 575
1784277032353 0.3050171136856079 576
1784277032366 0.468157023191452 577
1784277032377 0.4011690616607666 578
1784277032387 0.3304772675037384 579
1784277032397 0.27706146240234375 580
1784277032408 0.42653173208236694 581
1784277032418 0.1524420976638794 582
1784277032429 0.38479363918304443 583
1784277032438 0.2969588339328766 584
1784277032450 0.687718391418457 585
1784277032461 0.357971727848053 586
1784277032471 0.28225815296173096 587
1784277032482 0.31402239203453064 588
1784277032491 0.36098915338516235 589
1784277032502 0.47265830636024475 590
1784277032513 0.18145519495010376 591
1784277032523 0.34883812069892883 592
1784277032535 0.27334439754486084 593
1784277032548 0.30357009172439575 594
1784277032560 0.3687761425971985 595
1784277032571 0.34342676401138306 596
1784277032584 0.3231755793094635 597
1784277032596 0.40661996603012085 598
1784277032607 0.2772066593170166 599
1784277032619 0.3555603325366974 600
1784277032630 0.2760295867919922 601
1784277032641 0.3143441379070282 602
1784277032652 0.6086654663085938 603
1784277032663 0.46626707911491394 604
1784277032673 0.3927072584629059 605
1784277032684 0.41205736994743347 606
1784277032695 0.3218437731266022 607
1784277032705 0.5239242911338806 608
1784277032715 0.26244649291038513 609
1784277032725 0.25362133979797363 610
1784277032736 0.6081139445304871 611
1784277032747 0.2881582975387573 612
1784277032757 0.3952111601829529 613
1784277032769 0.3355787694454193 614
1784277032780 0.32846570014953613 615
1784277032791 0.23192685842514038 616
1784277032802 0.1810573935508728 617
1784277032814 0.1520565301179886 618
1784277032825 0.5236687064170837 619
1784277032837 0.45613592863082886 620
1784277032848 0.5155129432678223 621
1784277032859 0.29388877749443054 622
1784277032869 0.30876031517982483 623
1784277032879 0.3388231694698334 624
1784277032889 0.32076695561408997 625
1784277032900 0.17402684688568115 626
1784277032910 0.44183680415153503 627
1784277032920 0.18116219341754913 628
1784277032931 0.22120265662670135 629
1784277032941 0.42048877477645874 630
1784277032952 0.2896868586540222 631
1784277032963 0.4432164132595062 632
1784277032973 0.24012942612171173 633
1784277032983 0.25237253308296204 634
1784277032995 0.2812376916408539 635
1784277033005 0.49160727858543396 636
1784277033016 0.13520680367946625 637
1784277033026 0.5038638710975647 638
1784277033036 0.3423704206943512 639
1784277033047 0.2572040557861328 640
1784277033058 0.406809538602829 641
1784277033069 0.24773746728897095 642
1784277033081 0.4774470031261444 643
1784277033096 0.4042365550994873 644
1784277033106 0.20347872376441956 645
1784277033117 0.48160097002983093 646
1784277033129 0.44455254077911377 647
1784277033139 0.5744167566299438 648
1784277033149 0.1973366141319275 649
1784277033160 0.2736765444278717 650
1784277033171 0.22197116911411285 651
1784277033182 0.2965013384819031 652
1784277033193 0.09481417387723923 653
1784277033203 0.3322705626487732 654
1784277033214 0.426622211933136 655
1784277033224 0.23688046634197235 656
1784277033235 0.24824459850788116 657
1784277033246 0.25884687900543213 658
1784277033257 0.3693530857563019 659
1784277033268 0.32617610692977905 660
1784277033279 0.35102105140686035 661
1784277033290 0.23172298073768616 662
1784277033300 0.6348011493682861 663
1784277033310 0.3178763687610626 664
1784277033322 0.6238667368888855 665
1784277033333 0.28171202540397644 666
1784277033343 0.5686824321746826 667
1784277033354 0.29295065999031067 668
1784277033366 0.5441394448280334 669
1784277033376 0.6300432682037354 670
1784277033387 0.590834379196167 671
1784277033397 0.4125450849533081 672
1784277033407 0.27223771810531616 673
1784277033420 0.5643001198768616 674
1784277033431 0.2729145586490631 675
1784277033443 0.32147759199142456 676
1784277033460 0.4511277675628662 677
1784277033471 0.32023805379867554 678
1784277033484 0.5445714592933655 679
1784277033495 0.33830928802490234 680
1784277033505 0.26953789591789246 681
1784277033515 0.23348601162433624 682
1784277033527 0.5414578318595886 683
1784277033537 0.4136846661567688 684
1784277033548 0.40461266040802 685
1784277033560 0.39206910133361816 686
1784277033571 0.5772011876106262 687
1784277033582 0.13197164237499237 688
1784277033592 0.49121910333633423 689
1784277033603 0.3005464971065521 690
1784277033613 0.7595658898353577 691
1784277033623 0.3400971293449402 692
1784277033634 0.293987900018692 693
1784277033646 0.40664348006248474 694
1784277033657 0.5431034564971924 695
1784277033669 0.3913678824901581 696
1784277033681 0.6024373769760132 697
1784277033693 0.3488676846027374 698
1784277033706 0.285444438457489 699
1784277033717 0.29812806844711304 700
1784277033729 0.3297993540763855 701
1784277033741 0.43192586302757263 702
1784277033754 0.19277936220169067 703
1784277033766 0.24102026224136353 704
1784277033778 0.2732316553592682 705
1784277033789 0.3115376830101013 706
1784277033802 0.19532284140586853 707
1784277033813 0.3312588930130005 708
1784277033824 0.42304539680480957 709
1784277033837 0.22320225834846497 710
1784277033849 0.5035805106163025 711
1784277033861 0.14338847994804382 712
1784277033872 0.4734972417354584 713
1784277033886 0.5834497213363647 714
1784277033899 0.3872126638889313 715
1784277033912 0.6402758955955505 716
1784277033923 0.2946283221244812 717
1784277033937 0.4482593238353729 718
1784277033949 0.6421948671340942 719
1784277033961 0.4615623950958252 720
1784277033973 0.45352861285209656 721
1784277033985 0.3730704188346863 722
1784277033998 0.26361319422721863 723
1784277034011 0.42355433106422424 724
1784277034028 0.39655187726020813 725
1784277034039 0.2907370328903198 726
1784277034052 0.5904626250267029 727
1784277034065 0.34607037901878357 728
1784277034077 0.3026635944843292 729
1784277034088 0.32354408502578735 730
1784277034101 0.232668936252594 731
1784277034112 0.08707065880298615 732
1784277034124 0.18673847615718842 733
1784277034140 0.3041919767856598 734
1784277034152 0.2812693119049072 735
1784277034164 0.328703910112381 736
1784277034176 0.24453961849212646 737
1784277034187 0.5993910431861877 738
1784277034199 0.4335656464099884 739
1784277034211 0.45117801427841187 740
1784277034222 0.40952157974243164 741
1784277034235 0.2713134288787842 742
1784277034247 0.6355293393135071 743
1784277034258 0.5909178256988525 744
1784277034269 0.3140363097190857 745
1784277034280 0.3970440626144409 746
1784277034292 0.2280852049589157 747
1784277034303 0.2813575267791748 748
1784277034315 0.29657596349716187 749
1784277034328 0.7084335684776306 750
1784277034338 0.1587146371603012 751
1784277034351 0.7574089169502258 752
1784277034363 0.28489547967910767 753
1784277034375 0.5454505085945129 754
1784277034386 0.16923139989376068 755
1784277034397 0.415061891078949 756
1784277034407 0.19865094125270844 757
1784277034419 0.28684037923812866 758
1784277034430 0.20917530357837677 759
1784277034440 0.18073542416095734 760
1784277034451 0.36102354526519775 761
1784277034463 0.50758296251297 762
1784277034473 0.49770045280456543 763
1784277034484 1.0664833784103394 764
1784277034495 0.3368125259876251 765
1784277034506 0.5453429818153381 766
1784277034518 0.24597492814064026 767
1784277034529 0.5255047082901001 768
1784277034540 0.2522973418235779 769
1784277034552 0.27862855792045593 770
1784277034563 0.49053046107292175 771
1784277034574 0.8313491940498352 772
1784277034587 0.8615329265594482 773
1784277034598 0.15664343535900116 774
1784277034609 0.28437539935112 775
1784277034619 0.24266764521598816 776
1784277034630 0.4821014702320099 777
1784277034641 0.4680345058441162 778
1784277034654 0.300310879945755 779
1784277034666 0.783303439617157 780
1784277034677 0.5457020401954651 781
1784277034688 0.17716217041015625 782
1784277034701 0.1987871527671814 783
1784277034714 0.20371297001838684 784
1784277034724 0.3017808496952057 785
1784277034737 0.33287641406059265 786
1784277034752 0.5633116960525513 787
1784277034769 0.4072980284690857 788
1784277034782 0.3156060576438904 789
1784277034795 0.20768608152866364 790
1784277034809 0.25910499691963196 791
1784277034822 0.505668044090271 792
1784277034838 0.5323895812034607 793
1784277034856 0.38322925567626953 794
1784277034870 0.18091168999671936 795
1784277034883 0.23835818469524384 796
1784277034900 0.3431767225265503 797
1784277034914 0.2800220847129822 798
1784277034927 0.3512362539768219 799
1784277034940 0.4079800248146057 800
1784277034954 0.2606770098209381 801
1784277034969 0.6312833428382874 802
1784277034981 0.3685396611690521 803
1784277034995 0.3829846680164337 804
1784277035011 0.5483335256576538 805
1784277035026 0.2813520133495331 806
1784277035039 0.43177908658981323 807
1784277035052 0.4120998978614807 808
1784277035066 0.29896441102027893 809
1784277035079 0.23511256277561188 810
1784277035092 0.26993289589881897 811
1784277035105 0.41123166680336 812
1784277035119 0.41328731179237366 813
1784277035133 0.6796196699142456 814
1784277035146 0.47807228565216064 815
1784277035159 0.35021892189979553 816
1784277035174 0.5299312472343445 817
1784277035187 0.5654426217079163 818
1784277035200 0.42692920565605164 819
1784277035212 0.6744987964630127 820
1784277035226 0.37353211641311646 821
1784277035238 0.4297012686729431 822
1784277035249 0.34538474678993225 823
1784277035259 0.16395503282546997 824
1784277035269 0.16541193425655365 825
1784277035281 0.3925493359565735 826
1784277035293 0.378042995929718 827
1784277035302 0.3503807783126831 828
1784277035314 0.48212146759033203 829
1784277035325 0.3104344308376312 830
1784277035337 0.4646739959716797 831
1784277035347 0.4241611659526825 832
1784277035356 0.2650899887084961 833
1784277035368 0.46340540051460266 834
1784277035380 0.5078068971633911 835
1784277035392 0.3013359010219574 836
1784277035403 0.6463690996170044 837
1784277035414 0.43654194474220276 838
1784277035426 0.3581011891365051 839
1784277035440 0.5122942924499512 840
1784277035452 0.2905094027519226 841
1784277035464 0.3093274235725403 842
1784277035475 0.699053168296814 843
1784277035487 0.47695598006248474 844
1784277035499 0.3366932272911072 845
1784277035511 0.19577661156654358 846
1784277035522 0.2014574557542801 847
1784277035535 0.3340087831020355 848
1784277035547 0.2926173210144043 849
1784277035559 0.4488246440887451 850
1784277035572 0.4691188335418701 851
1784277035586 0.27672645449638367 852
1784277035599 0.5724491477012634 853
1784277035612 0.40585851669311523 854
1784277035625 0.37367480993270874 855
1784277035636 0.1390743851661682 856
1784277035649 0.6897448897361755 857
1784277035662 0.4287683963775635 858
1784277035678 0.6429663300514221 859
1784277035690 0.7643317580223083 860
1784277035703 0.5039775371551514 861
1784277035715 0.512974739074707 862
1784277035726 0.21132251620292664 863
1784277035739 0.3749448359012604 864
1784277035751 0.1408095508813858 865
1784277035764 0.4124060869216919 866
1784277035779 0.2594468891620636 867
1784277035792 0.750784695148468 868
1784277035807 0.5994423031806946 869
1784277035821 0.3372422456741333 870
1784277035834 0.2747356593608856 871
1784277035846 0.2680743336677551 872
1784277035858 0.34255722165107727 873
1784277035871 0.22329223155975342 874
1784277035883 0.25990256667137146 875
1784277035897 0.4118070602416992 876
1784277035911 0.24639752507209778 877
1784277035922 0.4473845064640045 878
1784277035935 0.13202950358390808 879
1784277035947 0.7918307781219482 880
1784277035958 0.17562738060951233 881
1784277035970 0.17371264100074768 882
1784277035983 0.23362445831298828 883
1784277035996 0.3889680504798889 884
1784277036009 0.2271556854248047 885
1784277036023 0.31578001379966736 886
1784277036034 0.3185938596725464 887
1784277036047 0.5889812111854553 888
1784277036059 0.2774028778076172 889
1784277036072 0.22356197237968445 890
1784277036084 0.18315809965133667 891
1784277036097 0.28664347529411316 892
1784277036108 0.17311838269233704 893
1784277036120 0.2891653776168823 894
1784277036135 0.20122727751731873 895
1784277036147 0.6412833333015442 896
1784277036160 0.4954935312271118 897
1784277036172 0.4447883367538452 898
1784277036185 0.459073930978775 899
1784277036198 0.5873374342918396 900
1784277036211 0.234855517745018 901
1784277036223 0.4525776505470276 902
1784277036235 0.4561901390552521 903
1784277036247 0.3887113630771637 904
1784277036261 0.537804365158081 905
1784277036272 0.6036011576652527 906
1784277036283 0.26570916175842285 907
1784277036296 0.41779008507728577 908
1784277036306 0.2808152437210083 909
1784277036318 0.3580189049243927 910
1784277036331 0.23095068335533142 911
1784277036343 0.27508044242858887 912
1784277036354 0.2188389152288437 913
1784277036368 0.4215492308139801 914
1784277036381 0.3459022343158722 915
1784277036396 0.2898353636264801 916
1784277036408 0.33920973539352417 917
1784277036420 0.752201497554779 918
1784277036432 0.2794678807258606 919
1784277036445 0.5869849324226379 920
1784277036457 0.5457945466041565 921
1784277036469 0.4685463607311249 922
1784277036483 0.09272763878107071 923
1784277036495 0.22786131501197815 924
1784277036506 0.5185807943344116 925
1784277036518 0.4531964361667633 926
1784277036530 0.29535484313964844 927
1784277036542 0.13868173956871033 928
1784277036555 0.24204185605049133 929
1784277036567 0.5822073817253113 930
1784277036581 0.6166359186172485 931
1784277036594 0.2451668381690979 932
1784277036609 0.38375213742256165 933
1784277036620 0.2813743054866791 934
1784277036632 0.2130756676197052 935
1784277036645 0.37165844440460205 936
1784277036657 0.15968658030033112 937
1784277036669 0.3556881844997406 938
1784277036682 0.33625364303588867 939
1784277036695 0.2142583578824997 940
1784277036708 0.3254190981388092 941
1784277036722 0.674816906452179 942
1784277036736 0.738584041595459 943
1784277036748 0.16695885360240936 944
1784277036761 0.5346437692642212 945
1784277036773 0.5598831176757812 946
1784277036785 0.3816203474998474 947
1784277036797 0.25264251232147217 948
1784277036810 0.30614152550697327 949
1784277036822 0.28291791677474976 950
1784277036835 0.44600942730903625 951
1784277036847 0.40654006600379944 952
1784277036861 0.24684028327465057 953
1784277036873 0.0878874883055687 954
1784277036884 0.3299883306026459 955
1784277036896 0.36536410450935364 956
1784277036909 0.3579641282558441 957
1784277036921 0.32450035214424133 958
1784277036934 0.32033470273017883 959
1784277036945 0.26241061091423035 960
1784277036959 0.2440950721502304 961
1784277036971 0.4003971219062805 962
1784277036983 0.39994996786117554 963
1784277036995 0.706920862197876 964
1784277037009 0.22136467695236206 965
1784277037022 0.1515892744064331 966
1784277037034 0.2473432868719101 967
1784277037047 0.3656816780567169 968
1784277037061 0.274579793214798 969
1784277037076 0.31346431374549866 970
1784277037089 0.5408982634544373 971
1784277037099 0.2863873541355133 972
1784277037111 0.2269163280725479 973
1784277037123 0.42117729783058167 974
1784277037135 0.4546138346195221 975
1784277037146 0.16515542566776276 976
1784277037157 0.18297260999679565 977
1784277037169 0.30137917399406433 978
1784277037181 0.2981488108634949 979
1784277037194 0.2430170327425003 980
1784277037206 0.45519083738327026 981
1784277037218 0.5751898288726807 982
1784277037229 0.30310219526290894 983
1784277037239 0.23668807744979858 984
1784277037251 0.329277902841568 985
1784277037262 0.7547084093093872 986
1784277037273 0.2653614580631256 987
1784277037285 0.5922272205352783 988
1784277037297 0.45834359526634216 989
1784277037307 0.39774981141090393 990
1784277037321 0.33727535605430603 991
1784277037335 0.18599313497543335 992
1784277037347 0.48591580986976624 993
1784277037359 0.3925381600856781 994
1784277037370 0.4571550786495209 995
1784277037382 0.4797755777835846 996
1784277037393 0.40688830614089966 997
1784277037406 0.426723450422287 998
1784277037418 0.31681501865386963 999
1784277037428 0.4003772735595703 1000
1784277037445 0.4735226631164551 1001
1784277037456 0.31316277384757996 1002
1784277037469 0.45302629470825195 1003
1784277037480 0.3634246289730072 1004
1784277037492 0.29701393842697144 1005
1784277037503 0.23831044137477875 1006
1784277037515 0.23197674751281738 1007
1784277037527 0.5688477158546448 1008
1784277037538 0.35306793451309204 1009
1784277037551 0.6465639472007751 1010
1784277037563 0.2801598906517029 1011
1784277037574 0.15277166664600372 1012
1784277037586 0.17528854310512543 1013
1784277037599 0.5858359932899475 1014
1784277037611 0.22930043935775757 1015
1784277037621 0.5008904337882996 1016
1784277037633 0.7295287847518921 1017
1784277037645 0.31207194924354553 1018
1784277037656 0.6573660373687744 1019
1784277037670 0.27026697993278503 1020
1784277037683 0.5585488677024841 1021
1784277037695 0.25544029474258423 1022
1784277037708 0.21475309133529663 1023
1784277037720 0.13210158050060272 1024
1784277037732 0.5451692938804626 1025
1784277037745 0.5773128271102905 1026
1784277037757 0.1462494432926178 1027
1784277037769 0.45286354422569275 1028
1784277037782 0.2758268713951111 1029
1784277037797 0.2745523452758789 1030
1784277037809 0.2780185639858246 1031
1784277037824 0.26724129915237427 1032
1784277037836 0.3973581790924072 1033
1784277037849 0.23205216228961945 1034
1784277037862 0.19705261290073395 1035
1784277037873 0.3441716432571411 1036
1784277037886 0.3758147060871124 1037
1784277037898 0.4643535614013672 1038
1784277037910 0.31719836592674255 1039
1784277037922 0.32305362820625305 1040
1784277037935 0.29453134536743164 1041
1784277037948 0.17158764600753784 1042
1784277037962 0.45779216289520264 1043
1784277037977 0.343841016292572 1044
1784277037989 0.3557388186454773 1045
1784277038002 0.3851063847541809 1046
1784277038013 0.4334569573402405 1047
1784277038025 0.41282880306243896 1048
1784277038039 0.23643289506435394 1049
1784277038052 0.21702450513839722 1050
1784277038064 0.7822644710540771 1051
1784277038077 0.42558494210243225 1052
1784277038090 0.2599540650844574 1053
1784277038102 0.3027079701423645 1054
1784277038114 0.2598368525505066 1055
1784277038126 0.3413286805152893 1056
1784277038138 0.24476394057273865 1057
1784277038150 0.32480379939079285 1058
1784277038163 0.3283054530620575 1059
1784277038176 0.20077674090862274 1060
1784277038187 0.5007567405700684 1061
1784277038199 0.3779608905315399 1062
1784277038211 0.17485196888446808 1063
1784277038223 0.25346463918685913 1064
1784277038235 0.32308831810951233 1065
1784277038246 0.3311021327972412 1066
1784277038255 0.16876457631587982 1067
1784277038266 0.23212863504886627 1068
1784277038279 0.2569240927696228 1069
1784277038288 0.22979584336280823 1070
1784277038298 0.4904347062110901 1071
1784277038307 0.5172286033630371 1072
1784277038319 0.6659353375434875 1073
1784277038331 0.43888357281684875 1074
1784277038342 0.4025033414363861 1075
1784277038353 0.2537122070789337 1076
1784277038365 0.2698996663093567 1077
1784277038379 0.28104880452156067 1078
1784277038392 0.7951618432998657 1079
1784277038404 0.3958190083503723 1080
1784277038416 0.29365700483322144 1081
1784277038428 0.5373567938804626 1082
1784277038439 0.7768527269363403 1083
1784277038450 0.3711552619934082 1084
1784277038460 0.3489234745502472 1085
1784277038469 0.30348220467567444 1086
1784277038481 0.513104259967804 1087
1784277038494 0.18145158886909485 1088
1784277038508 0.2405582070350647 1089
1784277038519 0.0874950960278511 1090
1784277038531 0.295309454202652 1091
1784277038543 0.6357342004776001 1092
1784277038554 0.19148486852645874 1093
1784277038566 0.18263785541057587 1094
1784277038578 0.28819796442985535 1095
1784277038589 0.25499022006988525 1096
1784277038600 0.6472318768501282 1097
1784277038612 0.3311787247657776 1098
1784277038622 0.26975032687187195 1099
1784277038633 0.3391738831996918 1100
1784277038645 0.20598237216472626 1101
1784277038656 0.555658757686615 1102
1784277038668 0.353540301322937 1103
1784277038680 0.34032121300697327 1104
1784277038692 0.19524025917053223 1105
1784277038704 0.3231274485588074 1106
1784277038715 0.1340578943490982 1107
1784277038727 0.28913092613220215 1108
1784277038736 0.30945754051208496 1109
1784277038749 0.23235851526260376 1110
1784277038760 0.7546347975730896 1111
1784277038770 0.2594940662384033 1112
1784277038783 0.4676682949066162 1113
1784277038795 0.5712336897850037 1114
1784277038808 0.40124228596687317 1115
1784277038818 0.34681588411331177 1116
1784277038830 0.18865136802196503 1117
1784277038842 0.239213228225708 1118
1784277038854 0.1242687776684761 1119
1784277038865 0.19815796613693237 1120
1784277038877 0.490823894739151 1121
1784277038888 0.15994293987751007 1122
1784277038900 0.17403610050678253 1123
1784277038911 0.3393602967262268 1124
1784277038920 0.26205042004585266 1125
1784277038930 0.1991463005542755 1126
1784277038939 0.3958171010017395 1127
1784277038951 0.4112717807292938 1128
1784277038963 0.2770887315273285 1129
1784277038974 0.26804548501968384 1130
1784277038985 0.3455039858818054 1131
1784277038997 0.5054968595504761 1132
1784277039008 0.3457615077495575 1133
1784277039021 0.590164065361023 1134
1784277039032 0.2536730468273163 1135
1784277039044 0.34751442074775696 1136
1784277039056 0.620898962020874 1137
1784277039069 0.8287540674209595 1138
1784277039081 0.40656226873397827 1139
1784277039093 0.5476141571998596 1140
1784277039103 0.42589694261550903 1141
1784277039178 0.25592339038848877 1142
1784277039191 0.17577394843101501 1143
1784277039209 0.6168944239616394 1144
1784277039222 0.5009686946868896 1145
1784277039237 0.228241428732872 1146
1784277039250 0.3691679835319519 1147
1784277039263 0.3358437418937683 1148
1784277039277 0.25713133811950684 1149
1784277039290 0.2246580719947815 1150
1784277039303 0.19330504536628723 1151
1784277039315 0.29488155245780945 1152
1784277039327 0.3645704686641693 1153
1784277039336 0.371235728263855 1154
1784277039348 0.6633350849151611 1155
1784277039360 0.6169649362564087 1156
1784277039371 0.5283362865447998 1157
1784277039384 0.528354823589325 1158
1784277039395 0.3401159942150116 1159
1784277039407 0.5552186965942383 1160
1784277039418 0.3517710268497467 1161
1784277039430 0.11978200823068619 1162
1784277039443 0.4566193222999573 1163
1784277039453 0.45368534326553345 1164
1784277039465 0.23448726534843445 1165
1784277039478 0.28016501665115356 1166
1784277039491 0.5892654061317444 1167
1784277039501 0.28164905309677124 1168
1784277039513 0.18027764558792114 1169
1784277039524 0.618487536907196 1170
1784277039535 0.22975651919841766 1171
1784277039547 0.2773919701576233 1172
1784277039558 0.3734934628009796 1173
1784277039570 0.38725295662879944 1174
1784277039582 0.39937087893486023 1175
1784277039592 0.6761132478713989 1176
1784277039603 0.4547315239906311 1177
1784277039614 0.4395280182361603 1178
1784277039625 0.47443655133247375 1179
1784277039639 0.30732035636901855 1180
1784277039651 0.38840508460998535 1181
1784277039664 0.34097445011138916 1182
1784277039679 0.2866496443748474 1183
1784277039692 0.71966552734375 1184
1784277039702 0.20469611883163452 1185
1784277039715 0.7002692818641663 1186
1784277039728 0.30416247248649597 1187
1784277039739 0.337734192609787 1188
1784277039750 0.6855539679527283 1189
1784277039763 0.29127591848373413 1190
1784277039775 0.18741963803768158 1191
1784277039788 0.5459232926368713 1192
1784277039800 0.36229002475738525 1193
1784277039813 0.2531309425830841 1194
1784277039826 0.24051149189472198 1195
1784277039836 0.6525136232376099 1196
1784277039848 0.20570829510688782 1197
1784277039860 0.28426897525787354 1198
1784277039872 0.40967485308647156 1199
1784277039884 0.15515024960041046 1200
1784277039896 0.3352406322956085 1201
1784277039907 0.5342878103256226 1202
1784277039919 0.20662914216518402 1203
1784277039931 0.2064085602760315 1204
1784277039943 0.3722628653049469 1205
1784277039954 0.41963765025138855 1206
1784277039966 0.33637240529060364 1207
1784277039977 0.2353506088256836 1208
1784277039989 0.2791561484336853 1209
1784277040001 0.06556969881057739 1210
1784277040013 0.25954222679138184 1211
1784277040025 0.49954503774642944 1212
1784277040041 0.5097075700759888 1213
1784277040053 0.4334527254104614 1214
1784277040064 0.26442524790763855 1215
1784277040076 0.3681243062019348 1216
1784277040088 0.5104161500930786 1217
1784277040100 0.1883922964334488 1218
1784277040111 0.21214181184768677 1219
1784277040123 0.2197493612766266 1220
1784277040136 0.3464849889278412 1221
1784277040148 0.47662702202796936 1222
1784277040160 0.26551467180252075 1223
1784277040171 0.9444937705993652 1224
1784277040183 0.3415558636188507 1225
1784277040194 0.13875475525856018 1226
1784277040205 0.39360660314559937 1227
1784277040217 0.11200138181447983 1228
1784277040229 0.46003299951553345 1229
1784277040241 0.6435876488685608 1230
1784277040252 0.31267088651657104 1231
1784277040264 0.19623178243637085 1232
1784277040276 0.43860721588134766 1233
1784277040287 0.17173461616039276 1234
1784277040299 0.12530958652496338 1235
1784277040310 0.10915631800889969 1236
1784277040321 0.34348228573799133 1237
1784277040333 0.296903133392334 1238
1784277040345 0.5158489346504211 1239
1784277040357 0.5161892175674438 1240
1784277040368 0.1260109841823578 1241
1784277040380 0.2530862092971802 1242
1784277040391 0.31373798847198486 1243
1784277040402 0.18987281620502472 1244
1784277040413 0.2894541323184967 1245
1784277040425 0.30157244205474854 1246
1784277040436 0.2205870896577835 1247
1784277040449 0.5589510202407837 1248
1784277040461 0.35125601291656494 1249
1784277040473 0.4033411145210266 1250
1784277040484 0.6051949858665466 1251
1784277040495 0.18360912799835205 1252
1784277040507 0.1991298943758011 1253
1784277040519 0.08234750479459763 1254
1784277040530 0.17989875376224518 1255
1784277040540 0.38909319043159485 1256
1784277040552 0.467380553483963 1257
1784277040562 0.4759533107280731 1258
1784277040575 0.5699317455291748 1259
1784277040586 0.34591400623321533 1260
1784277040598 0.38402557373046875 1261
1784277040609 0.5220781564712524 1262
1784277040621 0.18476556241512299 1263
1784277040638 0.8081592917442322 1264
1784277040650 0.3669474124908447 1265
1784277040662 0.5318066477775574 1266
1784277040675 0.3611125349998474 1267
1784277040686 0.3443738520145416 1268
1784277040696 0.31140434741973877 1269
1784277040707 0.31416353583335876 1270
1784277040719 0.15907226502895355 1271
1784277040730 0.3086893558502197 1272
1784277040741 0.19715666770935059 1273
1784277040752 0.9174827337265015 1274
1784277040763 0.6995737552642822 1275
1784277040775 0.33486348390579224 1276
1784277040786 0.43253347277641296 1277
1784277040798 0.2556595504283905 1278
1784277040810 0.10599995404481888 1279
1784277040822 0.2790422737598419 1280
1784277040834 0.29378172755241394 1281
1784277040846 0.19186276197433472 1282
1784277040863 0.2705053389072418 1283
1784277040876 0.2088356614112854 1284
1784277040889 0.2428755760192871 1285
1784277040901 0.21775007247924805 1286
1784277040913 0.32990238070487976 1287
1784277040924 0.7893482446670532 1288
1784277040936 0.19882604479789734 1289
1784277040947 0.3000239431858063 1290
1784277040958 0.5729141235351562 1291
1784277040970 0.5064291954040527 1292
1784277040983 0.22346216440200806 1293
1784277040995 0.11005748808383942 1294
1784277041008 0.19288504123687744 1295
1784277041017 0.2624836564064026 1296
1784277041027 0.526515543460846 1297
1784277041039 0.7581343650817871 1298
1784277041051 0.3697115480899811 1299
1784277041062 0.47514235973358154 1300
1784277041075 0.07020847499370575 1301
1784277041086 0.6809322834014893 1302
1784277041099 0.30822762846946716 1303
1784277041111 0.21652312576770782 1304
1784277041122 0.3621479272842407 1305
1784277041135 0.3543933928012848 1306
1784277041146 0.19591106474399567 1307
1784277041156 0.5524665713310242 1308
1784277041167 0.18483957648277283 1309
1784277041179 0.27278903126716614 1310
1784277041189 0.42248979210853577 1311
1784277041202 0.28334981203079224 1312
1784277041215 0.18565823137760162 1313
1784277041226 0.3580978214740753 1314
1784277041235 0.2894386053085327 1315
1784277041247 0.32723963260650635 1316
1784277041258 0.5313172936439514 1317
1784277041268 0.5282766819000244 1318
1784277041278 0.31129127740859985 1319
1784277041290 0.672808825969696 1320
1784277041302 0.26362335681915283 1321
1784277041313 0.3145029544830322 1322
1784277041324 0.6799005270004272 1323
1784277041335 0.23975875973701477 1324
1784277041347 0.15991075336933136 1325
1784277041359 0.5738512873649597 1326
1784277041368 0.16380643844604492 1327
1784277041379 0.4342873990535736 1328
1784277041391 0.6406117677688599 1329
1784277041402 0.44516482949256897 1330
1784277041413 0.2501412034034729 1331
1784277041424 0.28599128127098083 1332
1784277041437 0.5024769902229309 1333
1784277041452 0.23359711468219757 1334
1784277041469 0.45212873816490173 1335
1784277041483 0.27885088324546814 1336
1784277041497 0.5098468065261841 1337
1784277041511 0.30236324667930603 1338
1784277041522 0.348870187997818 1339
1784277041535 0.6197190284729004 1340
1784277041549 0.24655063450336456 1341
1784277041562 0.8050874471664429 1342
1784277041573 0.30987709760665894 1343
1784277041585 0.31463271379470825 1344
1784277041597 0.5132057666778564 1345
1784277041608 0.3160211741924286 1346
1784277041620 0.29333433508872986 1347
1784277041632 0.28159648180007935 1348
1784277041645 0.5779285430908203 1349
1784277041657 0.21426387131214142 1350
1784277041670 0.24811138212680817 1351
1784277041681 0.4529271423816681 1352
1784277041693 0.5401778817176819 1353
1784277041704 0.17970909178256989 1354
1784277041716 0.13326559960842133 1355
1784277041728 0.11671213805675507 1356
1784277041741 0.2656066119670868 1357
1784277041753 0.38183772563934326 1358
1784277041765 0.7096086144447327 1359
1784277041778 0.26426461338996887 1360
1784277041789 0.7334159016609192 1361
1784277041799 0.24079254269599915 1362
1784277041814 0.21040768921375275 1363
1784277041826 0.30439549684524536 1364
1784277041835 0.3299792408943176 1365
1784277041846 0.09001211822032928 1366
1784277041859 0.42837825417518616 1367
1784277041870 0.0567537285387516 1368
1784277041882 0.4870641827583313 1369
1784277041894 0.5672041177749634 1370
1784277041904 0.4458814263343811 1371
1784277041914 0.42808952927589417 1372
1784277041925 0.7142841219902039 1373
1784277041936 0.23137378692626953 1374
1784277041947 0.300197958946228 1375
1784277041959 0.3751767873764038 1376
1784277041970 0.3553999662399292 1377
1784277041983 0.2439131885766983 1378
1784277041993 0.21557475626468658 1379
1784277042003 0.4038436710834503 1380
1784277042014 0.15818122029304504 1381
1784277042025 0.5360596179962158 1382
1784277042036 0.3992936611175537 1383
1784277042048 0.82952880859375 1384
1784277042060 0.3811386227607727 1385
1784277042071 0.17429114878177643 1386
1784277042082 0.4049473702907562 1387
1784277042094 0.12870313227176666 1388
1784277042109 0.394819438457489 1389
1784277042120 0.19043515622615814 1390
1784277042132 0.4393598437309265 1391
1784277042144 0.5575934052467346 1392
1784277042154 0.12092597782611847 1393
1784277042165 0.3704918622970581 1394
1784277042174 0.335226446390152 1395
1784277042186 0.36405667662620544 1396
1784277042196 0.36206990480422974 1397
1784277042207 0.3486059904098511 1398
1784277042219 0.4478124976158142 1399
1784277042230 0.24700015783309937 1400
1784277042243 0.21569639444351196 1401
1784277042254 0.4976968467235565 1402
1784277042266 0.5083670020103455 1403
1784277042278 0.6699833273887634 1404
1784277042290 0.43913358449935913 1405
1784277042301 0.47807934880256653 1406
1784277042313 0.2533015012741089 1407
1784277042325 0.1760164201259613 1408
1784277042335 0.3381993770599365 1409
1784277042347 0.3167915940284729 1410
1784277042359 0.4115709066390991 1411
1784277042370 0.5213850736618042 1412
1784277042383 0.32077348232269287 1413
1784277042395 0.5380167961120605 1414
1784277042409 0.4310734272003174 1415
1784277042420 0.26541781425476074 1416
1784277042432 0.40470388531684875 1417
1784277042444 0.24849548935890198 1418
1784277042454 0.13552919030189514 1419
1784277042467 0.9370306730270386 1420
1784277042479 0.349730521440506 1421
1784277042491 0.38263198733329773 1422
1784277042501 0.11297023296356201 1423
1784277042513 0.5797855257987976 1424
1784277042525 0.22083207964897156 1425
1784277042537 0.4875042736530304 1426
1784277042548 0.27540457248687744 1427
1784277042560 0.49955102801322937 1428
1784277042572 0.34248286485671997 1429
1784277042582 0.25857099890708923 1430
1784277042593 0.09794297069311142 1431
1784277042604 0.17729845643043518 1432
1784277042616 0.38225966691970825 1433
1784277042630 0.5546154975891113 1434
1784277042644 0.11877825111150742 1435
1784277042655 0.2614384591579437 1436
1784277042666 0.2848578095436096 1437
1784277042678 0.366431325674057 1438
1784277042688 0.3236779570579529 1439
1784277042699 0.22488346695899963 1440
1784277042709 0.46603065729141235 1441
1784277042721 0.3353953957557678 1442
1784277042733 0.5559168457984924 1443
1784277042745 0.40474990010261536 1444
1784277042754 0.2733663022518158 1445
1784277042766 0.2662730813026428 1446
1784277042778 0.28519153594970703 1447
1784277042789 0.47823449969291687 1448
1784277042800 0.34306567907333374 1449
1784277042812 0.2184383124113083 1450
1784277042825 0.29920855164527893 1451
1784277042836 0.8146219253540039 1452
1784277042849 0.3014256954193115 1453
1784277042862 0.2151707112789154 1454
1784277042873 0.2459065318107605 1455
1784277042886 0.23733334243297577 1456
1784277042897 0.22354300320148468 1457
1784277042908 0.6374325156211853 1458
1784277042919 0.3861173093318939 1459
1784277042931 0.5283274054527283 1460
1784277042943 0.341333270072937 1461
1784277042954 0.29627200961112976 1462
1784277042967 0.10399369895458221 1463
1784277042978 0.33888062834739685 1464
1784277042990 0.38041406869888306 1465
1784277043003 0.27112895250320435 1466
1784277043016 0.47435516119003296 1467
1784277043027 0.29551219940185547 1468
1784277043038 0.2875730097293854 1469
1784277043051 0.20806637406349182 1470
1784277043062 0.2730559706687927 1471
1784277043073 0.37856727838516235 1472
1784277043085 0.6764750480651855 1473
1784277043096 0.26481059193611145 1474
1784277043108 0.2711842358112335 1475
1784277043119 0.3519393503665924 1476
1784277043132 0.39526689052581787 1477
1784277043144 0.12268678098917007 1478
1784277043155 0.21326281130313873 1479
1784277043166 0.12828020751476288 1480
1784277043178 0.5127062797546387 1481
1784277043189 0.06135015934705734 1482
1784277043200 0.28888657689094543 1483
1784277043212 0.4291129410266876 1484
1784277043225 0.45324093103408813 1485
1784277043235 0.42767685651779175 1486
1784277043248 0.3005314767360687 1487
1784277043259 0.40181106328964233 1488
1784277043271 0.25910040736198425 1489
1784277043284 0.4389946460723877 1490
1784277043297 1.0701202154159546 1491
1784277043308 0.27463042736053467 1492
1784277043319 0.45061689615249634 1493
1784277043331 0.29224100708961487 1494
1784277043342 0.3233005106449127 1495
1784277043353 0.3111858665943146 1496
1784277043365 0.28110554814338684 1497
1784277043378 0.4170714020729065 1498
1784277043390 0.30302929878234863 1499
1784277043400 0.37090611457824707 1500
1784277043410 0.25186923146247864 1501
1784277043422 0.5811486840248108 1502
1784277043433 0.14237241446971893 1503
1784277043445 0.10003673285245895 1504
1784277043461 0.4037020802497864 1505
1784277043474 0.13847115635871887 1506
1784277043487 0.6908499598503113 1507
1784277043498 0.4088555872440338 1508
1784277043510 0.6976305246353149 1509
1784277043523 0.31298065185546875 1510
1784277043536 0.2758842706680298 1511
1784277043548 0.21917447447776794 1512
1784277043561 0.2736256420612335 1513
1784277043574 0.3515036106109619 1514
1784277043587 0.19594933092594147 1515
1784277043600 0.9057673811912537 1516
1784277043612 0.5380284190177917 1517
1784277043625 0.7119554877281189 1518
1784277043637 0.40316200256347656 1519
1784277043650 0.4525359570980072 1520
1784277043663 0.4551929235458374 1521
1784277043678 0.4467580318450928 1522
1784277043695 0.40571847558021545 1523
1784277043709 0.2564166784286499 1524
1784277043720 0.2424595057964325 1525
1784277043733 0.32038408517837524 1526
1784277043746 0.29087820649147034 1527
1784277043759 0.3954106271266937 1528
1784277043772 0.49678224325180054 1529
1784277043784 0.24426475167274475 1530
1784277043796 0.25278082489967346 1531
1784277043810 0.2995295226573944 1532
1784277043821 0.32488706707954407 1533
1784277043834 0.43583500385284424 1534
1784277043847 0.4144477844238281 1535
1784277043859 0.5645089745521545 1536
1784277043871 0.18930445611476898 1537
1784277043884 0.06299219280481339 1538
1784277043895 0.25892937183380127 1539
1784277043905 0.32129141688346863 1540
1784277043916 0.6193484663963318 1541
1784277043928 0.23681575059890747 1542
1784277043937 0.5880024433135986 1543
1784277043949 0.3225221633911133 1544
1784277043960 0.4029284417629242 1545
1784277043970 0.17331764101982117 1546
1784277043982 0.22926226258277893 1547
1784277043993 0.5203120708465576 1548
1784277044004 0.26360389590263367 1549
1784277044015 0.7934677600860596 1550
1784277044028 0.079665407538414 1551
1784277044039 0.488483726978302 1552
1784277044052 0.31932079792022705 1553
1784277044063 0.2967369854450226 1554
1784277044075 0.368321031332016 1555
1784277044085 0.3907904326915741 1556
1784277044097 0.5618076324462891 1557
1784277044108 0.43726131319999695 1558
1784277044119 0.10838115960359573 1559
1784277044130 0.5848396420478821 1560
1784277044142 0.5376153588294983 1561
1784277044153 0.31109777092933655 1562
1784277044165 0.7463861703872681 1563
1784277044177 0.228458434343338 1564
1784277044188 0.21860751509666443 1565
1784277044198 0.2850881516933441 1566
1784277044210 0.06853052228689194 1567
1784277044221 0.3793642520904541 1568
1784277044234 0.4722883403301239 1569
1784277044247 0.3013800084590912 1570
1784277044259 0.2845298945903778 1571
1784277044271 0.6763400435447693 1572
1784277044287 0.2333182543516159 1573
1784277044299 0.4549778997898102 1574
1784277044311 0.48386532068252563 1575
1784277044322 0.40748485922813416 1576
1784277044334 0.2730097472667694 1577
1784277044345 0.8918794393539429 1578
1784277044357 0.5658518075942993 1579
1784277044368 0.6328051090240479 1580
1784277044380 0.11165336519479752 1581
1784277044392 0.34087279438972473 1582
1784277044403 0.12875355780124664 1583
1784277044418 0.2692844271659851 1584
1784277044430 0.15089941024780273 1585
1784277044443 0.2788068950176239 1586
1784277044454 0.5514665246009827 1587
1784277044466 0.31670913100242615 1588
1784277044478 0.19409029185771942 1589
1784277044490 0.4535667598247528 1590
1784277044501 0.2937820255756378 1591
1784277044512 0.30660685896873474 1592
1784277044524 0.2728853225708008 1593
1784277044534 0.23638121783733368 1594
1784277044546 0.3332315981388092 1595
1784277044558 0.3167930543422699 1596
1784277044569 0.268680214881897 1597
1784277044581 0.2768830358982086 1598
1784277044591 0.1893121600151062 1599
1784277044603 0.30699780583381653 1600
1784277044615 0.2593645453453064 1601
1784277044628 0.594916045665741 1602
1784277044639 0.46198490262031555 1603
1784277044650 0.110807865858078 1604
1784277044662 0.36861515045166016 1605
1784277044672 0.4112464189529419 1606
1784277044682 0.22359482944011688 1607
1784277044693 0.49558231234550476 1608
1784277044708 0.3627304136753082 1609
1784277044719 0.6998322606086731 1610
1784277044731 0.4658418595790863 1611
1784277044743 0.5085810422897339 1612
1784277044755 0.3043299615383148 1613
1784277044769 0.2882058620452881 1614
1784277044780 0.24060171842575073 1615
1784277044791 0.33755120635032654 1616
1784277044803 0.21954667568206787 1617
1784277044816 0.20087119936943054 1618
1784277044828 0.5456092357635498 1619
1784277044839 0.23830430209636688 1620
1784277044852 0.27047812938690186 1621
1784277044863 0.13539281487464905 1622
1784277044875 0.31136244535446167 1623
1784277044887 0.5368030667304993 1624
1784277044899 0.32183247804641724 1625
1784277044910 0.3160446286201477 1626
1784277044922 0.4222432076931 1627
1784277044935 0.22355540096759796 1628
1784277044948 0.37753841280937195 1629
1784277044959 0.6864392161369324 1630
1784277044970 0.343580037355423 1631
1784277044983 0.946806788444519 1632
1784277044998 0.468463659286499 1633
1784277045009 0.46886610984802246 1634
1784277045020 0.3850660026073456 1635
1784277045031 0.4738847315311432 1636
1784277045041 0.31650596857070923 1637
1784277045052 0.2067839354276657 1638
1784277045066 0.33202582597732544 1639
1784277045078 0.3193973898887634 1640
1784277045091 0.2750735878944397 1641
1784277045102 0.18910016119480133 1642
1784277045114 0.27309122681617737 1643
1784277045126 0.21823270618915558 1644
1784277045138 0.379618376493454 1645
1784277045150 0.15651310980319977 1646
1784277045162 0.3505499064922333 1647
1784277045172 0.19328922033309937 1648
1784277045185 0.2967967987060547 1649
1784277045197 0.3741019070148468 1650
1784277045207 0.10758331418037415 1651
1784277045218 0.3043830692768097 1652
1784277045230 0.3731379806995392 1653
1784277045243 0.17740115523338318 1654
1784277045254 0.289140909910202 1655
1784277045267 0.32112884521484375 1656
1784277045278 0.23918697237968445 1657
1784277045290 0.1541898548603058 1658
1784277045301 0.2647850215435028 1659
1784277045313 0.12268618494272232 1660
1784277045324 0.2909732758998871 1661
1784277045334 0.29165101051330566 1662
1784277045348 0.8418076038360596 1663
1784277045360 0.31379422545433044 1664
1784277045371 0.11230666190385818 1665
1784277045383 0.17516303062438965 1666
1784277045394 0.08339107781648636 1667
1784277045405 0.2770794630050659 1668
1784277045416 0.5370911359786987 1669
1784277045426 0.34372401237487793 1670
1784277045436 0.14534594118595123 1671
1784277045446 0.19259771704673767 1672
1784277045459 0.23822644352912903 1673
1784277045470 0.6059610843658447 1674
1784277045482 0.3257535696029663 1675
1784277045493 0.1959943026304245 1676
1784277045504 0.17877787351608276 1677
1784277045515 0.4917404353618622 1678
1784277045527 0.16007037460803986 1679
1784277045537 0.21598872542381287 1680
1784277045549 0.2989040017127991 1681
1784277045560 0.2722696363925934 1682
1784277045571 0.3770366609096527 1683
1784277045583 0.18228086829185486 1684
1784277045595 0.3474995493888855 1685
1784277045606 0.2576320767402649 1686
1784277045618 0.1610589176416397 1687
1784277045630 0.15180574357509613 1688
1784277045641 0.2242984026670456 1689
1784277045652 0.11052019894123077 1690
1784277045663 0.05216345936059952 1691
1784277045675 0.2514082193374634 1692
1784277045685 0.1643228530883789 1693
1784277045699 0.21233348548412323 1694
1784277045712 0.12649856507778168 1695
1784277045723 0.07667623460292816 1696
1784277045736 0.4062914252281189 1697
1784277045747 0.3051818609237671 1698
1784277045759 0.26319000124931335 1699
1784277045770 0.6394968032836914 1700
1784277045782 0.1731242835521698 1701
1784277045794 0.39544767141342163 1702
1784277045805 0.32436996698379517 1703
1784277045817 0.3310316801071167 1704
1784277045830 0.3000675439834595 1705
1784277045842 0.1830875426530838 1706
1784277045853 0.08011683076620102 1707
1784277045865 0.5085353255271912 1708
1784277045878 0.7066472172737122 1709
1784277045888 0.21563005447387695 1710
1784277045902 0.14126700162887573 1711
1784277045916 0.2959339916706085 1712
1784277045932 0.25795623660087585 1713
1784277045947 0.44833552837371826 1714
1784277045961 0.173121377825737 1715
1784277045974 0.3502924144268036 1716
1784277045987 0.3400647044181824 1717
1784277045999 0.1991259604692459 1718
1784277046011 0.22823980450630188 1719
1784277046023 0.1054556667804718 1720
1784277046035 0.635452389717102 1721
1784277046047 0.4179425835609436 1722
1784277046065 0.3264126777648926 1723
1784277046077 0.06713635474443436 1724
1784277046087 0.16884182393550873 1725
1784277046099 0.17485958337783813 1726
1784277046111 0.30363747477531433 1727
1784277046122 0.5009674429893494 1728
1784277046133 0.5143626928329468 1729
1784277046145 0.28238171339035034 1730
1784277046155 0.16748303174972534 1731
1784277046167 0.06291957944631577 1732
1784277046179 0.28072914481163025 1733
1784277046192 0.2818690538406372 1734
1784277046201 0.7407761812210083 1735
1784277046212 0.324295312166214 1736
1784277046223 0.5221648216247559 1737
1784277046233 0.35903581976890564 1738
1784277046245 0.1145065501332283 1739
1784277046256 0.5383328795433044 1740
1784277046268 0.21144869923591614 1741
1784277046279 0.2541903257369995 1742
1784277046292 0.44357967376708984 1743
1784277046308 0.11738354712724686 1744
1784277046320 0.1457415670156479 1745
1784277046333 0.21762791275978088 1746
1784277046346 0.6832364797592163 1747
1784277046358 0.3581753969192505 1748
1784277046370 0.5817044973373413 1749
1784277046383 0.17386765778064728 1750
1784277046395 0.15423381328582764 1751
1784277046407 0.11214519292116165 1752
1784277046419 0.5586726069450378 1753
1784277046431 0.13651584088802338 1754
1784277046444 0.27337583899497986 1755
1784277046457 0.5932862758636475 1756
1784277046468 0.4161229729652405 1757
1784277046479 0.47139984369277954 1758
1784277046494 0.5086084008216858 1759
1784277046507 0.6513851881027222 1760
1784277046517 0.6478404402732849 1761
1784277046528 0.260339617729187 1762
1784277046542 0.21640676259994507 1763
1784277046553 0.5073816776275635 1764
1784277046566 0.3096349239349365 1765
1784277046579 0.2653970420360565 1766
1784277046591 0.8239073157310486 1767
1784277046603 0.5907161235809326 1768
1784277046616 0.2349175661802292 1769
1784277046628 0.15308889746665955 1770
1784277046640 0.14596056938171387 1771
1784277046652 0.25870347023010254 1772
1784277046665 0.05346619337797165 1773
1784277046677 0.34081053733825684 1774
1784277046689 0.2940709888935089 1775
1784277046701 0.2281188666820526 1776
1784277046714 0.4117339849472046 1777
1784277046726 0.23067635297775269 1778
1784277046739 0.35568511486053467 1779
1784277046751 0.31028276681900024 1780
1784277046763 0.5596351623535156 1781
1784277046775 0.27681827545166016 1782
1784277046786 0.37744778394699097 1783
1784277046797 0.38330578804016113 1784
1784277046809 0.31397056579589844 1785
1784277046821 0.40153032541275024 1786
1784277046832 0.6463375687599182 1787
1784277046844 0.3052668869495392 1788
1784277046856 0.441399484872818 1789
1784277046868 0.24692147970199585 1790
1784277046882 0.5582738518714905 1791
1784277046892 0.23632198572158813 1792
1784277046902 0.14735816419124603 1793
1784277046914 0.3036341965198517 1794
1784277046927 0.1525668054819107 1795
1784277046940 0.5339953899383545 1796
1784277046951 0.31720781326293945 1797
1784277046963 0.4200947880744934 1798
1784277046975 0.15015514194965363 1799
1784277046986 0.2604371905326843 1800
1784277046998 0.1519339382648468 1801
1784277047011 0.4368503987789154 1802
1784277047023 0.32736778259277344 1803
1784277047034 0.5718217492103577 1804
1784277047046 0.3718894124031067 1805
1784277047058 0.2682068943977356 1806
1784277047069 0.1817193329334259 1807
1784277047081 0.2785806953907013 1808
1784277047091 0.5076181292533875 1809
1784277047103 0.3541719615459442 1810
1784277047114 0.34963303804397583 1811
1784277047125 0.2013319432735443 1812
1784277047138 0.3713500201702118 1813
1784277047149 0.17627952992916107 1814
1784277047161 0.42216354608535767 1815
1784277047171 0.4533180594444275 1816
1784277047184 0.19206133484840393 1817
1784277047195 0.837063729763031 1818
1784277047207 0.4640684723854065 1819
1784277047217 0.2188398838043213 1820
1784277047228 0.5784978270530701 1821
1784277047243 0.27045729756355286 1822
1784277047254 0.32459378242492676 1823
1784277047265 0.34141623973846436 1824
1784277047277 0.23271013796329498 1825
1784277047289 0.3139065206050873 1826
1784277047298 0.5663541555404663 1827
1784277047310 0.2162133753299713 1828
1784277047322 0.10312596708536148 1829
1784277047333 0.2834904193878174 1830
1784277047346 0.22281476855278015 1831
1784277047358 0.5980507135391235 1832
1784277047369 0.0832364410161972 1833
1784277047381 0.36568960547447205 1834
1784277047393 0.23637473583221436 1835
1784277047404 0.4826473891735077 1836
1784277047416 0.1957637518644333 1837
1784277047426 0.21586348116397858 1838
1784277047437 0.22342820465564728 1839
1784277047449 0.25169846415519714 1840
1784277047461 0.9076067805290222 1841
1784277047474 0.811327338218689 1842
1784277047486 0.49538713693618774 1843
1784277047498 0.18831124901771545 1844
1784277047510 0.3555985391139984 1845
1784277047520 0.32605868577957153 1846
1784277047532 0.7138962149620056 1847
1784277047544 0.7347014546394348 1848
1784277047556 0.3140687346458435 1849
1784277047569 0.3947099447250366 1850
1784277047581 0.3138267993927002 1851
1784277047592 0.3430824875831604 1852
1784277047603 0.16456614434719086 1853
1784277047614 0.29872575402259827 1854
1784277047624 0.35374775528907776 1855
1784277047636 0.2482229769229889 1856
1784277047648 0.310122549533844 1857
1784277047660 0.32867833971977234 1858
1784277047671 0.27802130579948425 1859
1784277047682 0.3407685160636902 1860
1784277047693 0.3826548755168915 1861
1784277047704 0.27482303977012634 1862
1784277047717 0.30510616302490234 1863
1784277047728 0.32999902963638306 1864
1784277047741 0.1802026331424713 1865
1784277047752 0.2798002362251282 1866
1784277047765 0.2162429243326187 1867
1784277047776 0.4217255115509033 1868
1784277047787 0.2625855505466461 1869
1784277047798 0.1090778186917305 1870
1784277047810 0.17679829895496368 1871
1784277047824 0.7236342430114746 1872
1784277047836 0.569664478302002 1873
1784277047849 0.4344288408756256 1874
