1784324245157 4.851947784423828 0
1784324245178 4.851883888244629 1
1784324245193 4.851763725280762 2
1784324245208 4.851757526397705 3
1784324245225 4.851170063018799 4
1784324245245 4.851461887359619 5
1784324245262 4.850020408630371 6
1784324245278 4.8504438400268555 7
1784324245294 4.848684310913086 8
1784324245310 4.848098278045654 9
1784324245331 4.847502708435059 10
1784324245349 4.843708515167236 11
1784324245366 4.842081546783447 12
1784324245382 4.841655731201172 13
1784324245397 4.837741851806641 14
1784324245413 4.84153413772583 15
1784324245429 4.8393988609313965 16
1784324245446 4.833747386932373 17
1784324245464 4.833621501922607 18
1784324245479 4.831027507781982 19
1784324245498 4.8206658363342285 20
1784324245517 4.812392234802246 21
1784324245536 4.815499305725098 22
1784324245553 4.815893650054932 23
1784324245568 4.797281265258789 24
1784324245586 4.797318935394287 25
1784324245601 4.797518730163574 26
1784324245618 4.7974019050598145 27
1784324245635 4.787341117858887 28
1784324245649 4.77075719833374 29
1784324245666 4.782560348510742 30
1784324245687 4.7674384117126465 31
1784324245702 4.737952709197998 32
1784324245720 4.73820686340332 33
1784324245736 4.738600730895996 34
1784324245760 4.740687370300293 35
1784324245776 4.735667705535889 36
1784324245791 4.676340579986572 37
1784324245812 4.668177604675293 38
1784324245827 4.683709144592285 39
1784324245844 4.651822566986084 40
1784324245865 4.663694858551025 41
1784324245882 4.657702445983887 42
1784324245899 4.696979999542236 43
1784324245915 4.630117416381836 44
1784324245932 4.661640167236328 45
1784324245951 4.602287769317627 46
1784324245969 4.63824462890625 47
1784324245992 4.600312232971191 48
1784324246007 4.513497352600098 49
1784324246029 4.581447601318359 50
1784324246048 4.520780563354492 51
1784324246098 4.406479358673096 52
1784324246118 4.536471843719482 53
1784324246133 4.5268168449401855 54
1784324246153 4.396651268005371 55
1784324246167 4.507045745849609 56
1784324246188 4.423151969909668 57
1784324246208 4.432018280029297 58
1784324246222 4.394114971160889 59
1784324246241 4.380529403686523 60
1784324246263 4.338868141174316 61
1784324246279 4.467841148376465 62
1784324246295 4.337065696716309 63
1784324246312 4.426785469055176 64
1784324246332 4.378300189971924 65
1784324246352 4.437906265258789 66
1784324246368 4.254899978637695 67
1784324246388 4.302292346954346 68
1784324246408 4.267190456390381 69
1784324246425 4.388933181762695 70
1784324246444 4.30515718460083 71
1784324246460 4.247346878051758 72
1784324246480 4.437217712402344 73
1784324246497 4.427917957305908 74
1784324246512 4.100174427032471 75
1784324246529 4.218582630157471 76
1784324246546 4.129843711853027 77
1784324246563 4.165201663970947 78
1784324246614 4.2623114585876465 79
1784324246663 4.235850811004639 80
1784324246676 4.316362380981445 81
1784324246704 4.098254680633545 82
1784324246719 4.315138816833496 83
1784324246738 4.295665264129639 84
1784324246755 4.2730607986450195 85
1784324246773 4.154703617095947 86
1784324246790 4.0241193771362305 87
1784324246805 4.139276504516602 88
1784324246822 4.211343288421631 89
1784324246839 4.171877861022949 90
1784324246855 4.244594097137451 91
1784324246873 4.1533708572387695 92
1784324246889 4.222732067108154 93
1784324246904 4.035484790802002 94
1784324246922 4.201794624328613 95
1784324246936 4.231717586517334 96
1784324246953 4.121718406677246 97
1784324246969 3.982771396636963 98
1784324246985 4.00391960144043 99
1784324247004 4.106571674346924 100
1784324247021 4.025554656982422 101
1784324247037 4.118163585662842 102
1784324247058 3.9907422065734863 103
1784324247079 3.9018144607543945 104
1784324247096 4.2071990966796875 105
1784324247114 4.015702247619629 106
1784324247132 4.067363262176514 107
1784324247150 4.004741191864014 108
1784324247167 4.082294464111328 109
1784324247184 3.9354941844940186 110
1784324247202 3.93084716796875 111
1784324247219 3.9727365970611572 112
1784324247235 4.002580642700195 113
1784324247253 3.9282474517822266 114
1784324247271 4.100089073181152 115
1784324247286 3.976006031036377 116
1784324247313 4.204885959625244 117
1784324247331 4.034343242645264 118
1784324247347 3.959627389907837 119
1784324247361 3.875978946685791 120
1784324247377 4.060484409332275 121
1784324247392 3.9491124153137207 122
1784324247408 3.870466947555542 123
1784324247832 3.9243249893188477 124
1784324247850 3.9339547157287598 125
1784324247866 3.893831491470337 126
1784324247882 3.887030601501465 127
1784324247897 3.9638755321502686 128
1784324247914 3.9469361305236816 129
1784324247931 3.776693344116211 130
1784324247944 3.976119041442871 131
1784324247958 4.068835258483887 132
1784324247971 3.9942004680633545 133
1784324247986 3.815673828125 134
1784324248002 3.7976880073547363 135
1784324248016 3.709479331970215 136
1784324248033 3.8153069019317627 137
1784324248052 3.91019606590271 138
1784324248069 3.8753151893615723 139
1784324248090 3.780728340148926 140
1784324248112 3.9209957122802734 141
1784324248132 3.728862762451172 142
1784324248151 3.7816126346588135 143
1784324248171 3.992495536804199 144
1784324248187 3.9986355304718018 145
1784324248201 3.808058261871338 146
1784324248217 3.913393020629883 147
1784324248236 3.9072465896606445 148
1784324248254 3.866509437561035 149
1784324248270 3.6308298110961914 150
1784324248287 3.7725889682769775 151
1784324248303 3.950927972793579 152
1784324248317 3.64914608001709 153
1784324248333 3.8578803539276123 154
1784324248350 3.9445137977600098 155
1784324248366 3.6649131774902344 156
1784324248382 3.8499083518981934 157
1784324248396 3.6066203117370605 158
1784324248411 3.9273226261138916 159
1784324248425 3.694429874420166 160
1784324248438 3.7438278198242188 161
1784324248454 3.838076591491699 162
1784324248470 3.986752986907959 163
1784324248487 3.7840001583099365 164
1784324248503 3.646110773086548 165
1784324248520 3.789951801300049 166
1784324248534 3.7619805335998535 167
1784324248551 3.699310779571533 168
1784324248567 3.874295711517334 169
1784324248584 4.001341819763184 170
1784324248599 3.6954312324523926 171
1784324248615 3.881782054901123 172
1784324248629 3.740525007247925 173
1784324248640 3.8088126182556152 174
1784324248656 3.9645347595214844 175
1784324248673 3.8556067943573 176
1784324248688 3.5485470294952393 177
1784324248703 3.7848501205444336 178
1784324248719 3.8492233753204346 179
1784324248736 3.693464994430542 180
1784324248752 3.6239888668060303 181
1784324248769 3.740088939666748 182
1784324248783 3.675915241241455 183
1784324248798 3.5588579177856445 184
1784324248813 3.6168692111968994 185
1784324248828 3.607226610183716 186
1784324248842 3.7751564979553223 187
1784324248856 3.584239959716797 188
1784324248870 3.787215232849121 189
1784324248887 3.637906551361084 190
1784324248904 3.7115116119384766 191
1784324248919 3.7354025840759277 192
1784324248936 3.750936508178711 193
1784324248953 3.68340802192688 194
1784324248970 3.7966296672821045 195
1784324248986 3.609567165374756 196
1784324249002 3.60237979888916 197
1784324249020 3.631883382797241 198
1784324249035 3.6199777126312256 199
1784324249053 3.7413647174835205 200
1784324249071 3.5567193031311035 201
1784324249090 3.756012201309204 202
1784324249109 3.7257652282714844 203
1784324249126 3.5977044105529785 204
1784324249143 3.776503801345825 205
1784324249160 3.7663357257843018 206
1784324249176 3.5622451305389404 207
1784324249192 3.6627867221832275 208
1784324249208 3.7533979415893555 209
1784324249225 3.6062068939208984 210
1784324249245 3.5700507164001465 211
1784324249262 3.654351234436035 212
1784324249279 3.643017292022705 213
1784324249296 3.6728668212890625 214
1784324249312 3.605724334716797 215
1784324249330 3.6684627532958984 216
1784324249348 3.4246015548706055 217
1784324249365 3.5884666442871094 218
1784324249382 3.618093252182007 219
1784324249398 3.4880051612854004 220
1784324249415 3.555972099304199 221
1784324249433 3.4415712356567383 222
1784324249449 3.40400767326355 223
1784324249465 3.6006038188934326 224
1784324249479 3.6604092121124268 225
1784324249497 3.5783751010894775 226
1784324249513 3.5545921325683594 227
1784324249530 3.516253709793091 228
1784324249547 3.49912166595459 229
1784324249563 3.419830322265625 230
1784324249579 3.5012710094451904 231
1784324249596 3.456113576889038 232
1784324249613 3.436889171600342 233
1784324249631 3.745126485824585 234
1784324249649 3.668539524078369 235
1784324249668 3.504361629486084 236
1784324249686 3.528613805770874 237
1784324249795 3.4934139251708984 238
1784324249810 3.5696303844451904 239
1784324249832 3.565553665161133 240
1784324249848 3.571382522583008 241
1784324249860 3.533053159713745 242
1784324249875 3.5855908393859863 243
1784324249896 3.282205104827881 244
1784324249914 3.363922119140625 245
1784324249931 3.5941903591156006 246
1784324249948 3.6232898235321045 247
1784324250411 3.316230058670044 248
1784324250427 3.582728624343872 249
1784324250442 3.45151424407959 250
1784324250457 3.4547455310821533 251
1784324250470 3.4051454067230225 252
1784324250495 3.5683982372283936 253
1784324250513 3.365107536315918 254
1784324250530 3.445261240005493 255
1784324250544 3.5067272186279297 256
1784324250559 3.637103319168091 257
1784324250574 3.436310291290283 258
1784324250589 3.5784523487091064 259
1784324250603 3.330169916152954 260
1784324250620 3.569589614868164 261
1784324250635 3.3999545574188232 262
1784324250652 3.290947675704956 263
1784324250668 3.4449663162231445 264
1784324250684 3.6066436767578125 265
1784324250701 3.4765658378601074 266
1784324250718 3.540074348449707 267
1784324250734 3.57163143157959 268
1784324250750 3.243806838989258 269
1784324250765 3.633958339691162 270
1784324250782 3.387314796447754 271
1784324250797 3.486095666885376 272
1784324250811 3.4451465606689453 273
1784324250824 3.3684864044189453 274
1784324250839 3.439082384109497 275
1784324250854 3.3188610076904297 276
1784324250870 3.25313401222229 277
1784324250885 3.3392868041992188 278
1784324250901 3.42913556098938 279
1784324250917 3.4147071838378906 280
1784324250932 3.3876757621765137 281
1784324250948 3.2863528728485107 282
1784324250963 3.477900981903076 283
1784324250978 3.4834887981414795 284
1784324250992 3.387117385864258 285
1784324251005 3.452087879180908 286
1784324251020 3.2922866344451904 287
1784324251036 3.371016263961792 288
1784324251054 3.407670497894287 289
1784324251072 3.491142749786377 290
1784324251090 3.4244766235351562 291
1784324251105 3.2728962898254395 292
1784324251122 3.4217777252197266 293
1784324251137 3.51389741897583 294
1784324251154 3.4804792404174805 295
1784324251171 3.228661060333252 296
1784324251228 3.312310218811035 297
1784324251259 3.4923441410064697 298
1784324251279 3.241464138031006 299
1784324251313 3.357365369796753 300
1784324251329 3.3527746200561523 301
1784324251344 3.310814142227173 302
1784324251361 3.230712413787842 303
1784324251377 3.2356553077697754 304
1784324251397 3.387420892715454 305
1784324251417 3.2238521575927734 306
1784324251435 3.231376886367798 307
1784324251458 3.356074333190918 308
1784324251483 3.5471863746643066 309
1784324251503 3.492743968963623 310
1784324251523 3.2424774169921875 311
1784324251545 3.170987606048584 312
1784324251561 3.470085382461548 313
1784324251579 3.5401830673217773 314
1784324251597 3.5611624717712402 315
1784324251615 3.3314247131347656 316
1784324251633 3.3315250873565674 317
1784324251651 3.2293050289154053 318
1784324251668 3.3672924041748047 319
1784324251683 3.424989938735962 320
1784324251702 3.224757194519043 321
1784324251732 3.2479748725891113 322
1784324251747 3.3305957317352295 323
1784324251763 3.2313408851623535 324
1784324251778 3.397174596786499 325
1784324251792 3.2384445667266846 326
1784324251806 3.3197503089904785 327
1784324251820 3.3471734523773193 328
1784324251835 3.229342460632324 329
1784324251851 3.3665707111358643 330
1784324251866 3.335603713989258 331
1784324251883 3.3487601280212402 332
1784324251900 3.3047585487365723 333
1784324251916 3.456374406814575 334
1784324251932 3.4775772094726562 335
1784324251947 3.2993667125701904 336
1784324251963 3.2391645908355713 337
1784324251979 3.5681636333465576 338
1784324251994 3.270519495010376 339
1784324252010 3.4119768142700195 340
1784324252027 3.139941692352295 341
1784324252041 3.3409972190856934 342
1784324252059 3.266195297241211 343
1784324252076 3.2077243328094482 344
1784324252093 3.244744300842285 345
1784324252110 3.3281285762786865 346
1784324252128 3.056370735168457 347
1784324252145 3.237301826477051 348
1784324252158 3.3292362689971924 349
1784324252173 3.208409547805786 350
1784324252189 3.233841896057129 351
1784324252283 3.224480152130127 352
1784324252297 3.3631439208984375 353
1784324252324 3.3038787841796875 354
1784324252340 3.374242067337036 355
1784324252356 3.2487220764160156 356
1784324252373 3.119020700454712 357
1784324252388 3.4680280685424805 358
1784324252403 3.2005252838134766 359
1784324252419 3.2099292278289795 360
1784324252435 3.4170784950256348 361
1784324252449 3.289841413497925 362
1784324252465 3.1502370834350586 363
1784324252480 3.198551654815674 364
1784324252493 3.3719356060028076 365
1784324252510 3.1807100772857666 366
1784324252525 3.2696361541748047 367
1784324252537 3.225163221359253 368
1784324252554 3.1746222972869873 369
1784324252570 3.1990513801574707 370
1784324252588 3.0998802185058594 371
