1784244799577 2.291771650314331 0
1784244799610 2.192821979522705 1
1784244799627 2.1989707946777344 2
1784244799642 2.11224102973938 3
1784244799655 1.9692798852920532 4
1784244799667 1.9489070177078247 5
1784244799681 1.9288259744644165 6
1784244799695 1.7203491926193237 7
1784244799708 1.6248841285705566 8
1784244799722 1.8431755304336548 9
1784244799736 1.4782967567443848 10
1784244799747 1.4115806818008423 11
1784244799760 1.430435061454773 12
1784244799772 1.5434569120407104 13
1784244799784 1.2670363187789917 14
1784244799798 1.2164119482040405 15
1784244799811 1.1579517126083374 16
1784244799825 1.0811059474945068 17
1784244799839 1.0500712394714355 18
1784244799852 1.5603139400482178 19
1784244799867 0.9947270750999451 20
1784244799889 1.0666462182998657 21
1784244799907 1.2457752227783203 22
1784244799922 1.0656564235687256 23
1784244799938 0.888471782207489 24
1784244799955 0.850116491317749 25
1784244799972 1.0953848361968994 26
1784244799990 0.5680508613586426 27
1784244800006 0.9849954843521118 28
1784244800022 1.1490224599838257 29
1784244800040 0.8434778451919556 30
1784244800056 0.9468356370925903 31
1784244800070 1.0965278148651123 32
1784244800084 0.8801887631416321 33
1784244800100 0.7979176044464111 34
1784244800113 0.8608061075210571 35
1784244800126 0.7056623101234436 36
1784244800140 0.7260287404060364 37
1784244800156 0.9056441783905029 38
1784244800169 0.8232734799385071 39
1784244800181 0.6006859540939331 40
1784244800194 0.7793067693710327 41
1784244800207 0.43375369906425476 42
1784244800220 0.5494116544723511 43
1784244800234 0.5935744643211365 44
1784244800247 0.6951891183853149 45
1784244800261 0.46412402391433716 46
1784244800275 0.5158266425132751 47
1784244800289 0.6182399392127991 48
1784244800302 0.804132878780365 49
1784244800315 0.4633599519729614 50
1784244800329 0.5510193109512329 51
1784244800344 0.6300781965255737 52
1784244800358 0.5345416069030762 53
1784244800372 0.6546663045883179 54
1784244800385 0.5047023892402649 55
1784244800399 0.680530846118927 56
1784244800412 0.8200746178627014 57
1784244800426 0.5902502536773682 58
1784244800440 0.5312365889549255 59
1784244800454 0.4857816994190216 60
1784244800467 0.4738864302635193 61
1784244800481 0.6028939485549927 62
1784244800495 0.6455870270729065 63
1784244800509 1.0132313966751099 64
1784244800524 0.6047322154045105 65
1784244800538 0.49166953563690186 66
1784244800551 0.6361762285232544 67
1784244800564 0.37943127751350403 68
1784244800578 0.4575674533843994 69
1784244800593 0.368469774723053 70
1784244800608 0.48952698707580566 71
1784244800621 0.46404603123664856 72
1784244800636 0.7518119812011719 73
1784244800650 0.29664644598960876 74
1784244800663 0.3557664453983307 75
1784244800677 0.2822091281414032 76
1784244800689 0.8118545413017273 77
1784244800703 0.3249220848083496 78
1784244800717 0.45932671427726746 79
1784244800730 0.4929141402244568 80
1784244800743 0.5229807496070862 81
1784244800757 0.5492092370986938 82
1784244800771 0.48492106795310974 83
1784244800786 0.5403221845626831 84
1784244800800 0.3502081334590912 85
1784244800814 0.8155875205993652 86
1784244800828 0.3597063720226288 87
1784244800843 0.4090813398361206 88
1784244800857 0.39121174812316895 89
1784244800871 0.9165940880775452 90
1784244800884 0.43767020106315613 91
1784244800897 0.7313500642776489 92
1784244800909 0.6455182433128357 93
1784244800928 0.6751214861869812 94
1784244800942 0.5802927017211914 95
1784244800955 0.5382757186889648 96
1784244800970 0.7333705425262451 97
1784244800984 0.5895134806632996 98
1784244800998 0.6146104335784912 99
1784244801012 0.7068396806716919 100
1784244801026 0.859560489654541 101
1784244801042 0.3925510346889496 102
1784244801056 0.44117873907089233 103
1784244801071 0.26208436489105225 104
1784244801085 0.9306143522262573 105
1784244801097 0.41595199704170227 106
1784244801111 0.36874356865882874 107
1784244801125 0.480804443359375 108
1784244801139 0.3568364381790161 109
1784244801154 0.4390271008014679 110
1784244801167 0.41725531220436096 111
1784244801181 0.2673082947731018 112
1784244801196 0.586466372013092 113
1784244801210 0.5157749056816101 114
1784244801224 0.6446595788002014 115
1784244801239 0.6910003423690796 116
1784244801254 0.23467043042182922 117
1784244801268 0.26182517409324646 118
1784244801283 0.4778966009616852 119
1784244801300 0.4596270024776459 120
1784244801315 0.39653968811035156 121
1784244801334 0.7446041703224182 122
1784244801348 0.9400575160980225 123
1784244801362 0.5821378231048584 124
1784244801377 0.5160044431686401 125
1784244801391 0.3987358510494232 126
1784244801407 0.30493006110191345 127
1784244801422 0.33900222182273865 128
1784244801438 0.6671488285064697 129
1784244801451 0.5220332741737366 130
1784244801466 0.32195332646369934 131
1784244801483 0.4465291202068329 132
1784244801500 0.6150573492050171 133
1784244801514 0.4264228641986847 134
1784244801529 0.6033323407173157 135
1784244801544 0.6421898603439331 136
1784244801559 0.344493567943573 137
1784244801575 0.41699516773223877 138
1784244801590 0.5798865556716919 139
1784244801604 0.4681304097175598 140
1784244801620 0.7895432114601135 141
1784244801635 0.32220205664634705 142
1784244801650 0.27617543935775757 143
1784244801663 0.31730183959007263 144
1784244801677 0.545603334903717 145
1784244801692 0.3188042640686035 146
1784244801704 0.5125216841697693 147
1784244801716 0.4058823883533478 148
1784244801729 0.2550097107887268 149
1784244801743 0.2874368727207184 150
1784244801757 0.7286174893379211 151
1784244801772 0.5393649935722351 152
1784244801786 0.42759713530540466 153
1784244801798 0.8240381479263306 154
1784244801812 0.5442365407943726 155
1784244801825 0.18222032487392426 156
1784244801839 0.6959244012832642 157
1784244801853 0.6609692573547363 158
1784244801869 0.400607168674469 159
1784244801882 0.4653199315071106 160
1784244801899 0.5797377824783325 161
1784244801913 0.29018229246139526 162
1784244801927 0.602043628692627 163
1784244801941 0.49294614791870117 164
1784244801955 0.6628808975219727 165
1784244801970 0.35085925459861755 166
1784244801984 0.5322776436805725 167
1784244801999 0.24442169070243835 168
1784244802012 0.4255813658237457 169
1784244802026 0.2941564917564392 170
1784244802039 0.426427960395813 171
1784244802053 0.36626824736595154 172
1784244802067 0.3051736056804657 173
1784244802081 0.5068457722663879 174
1784244802095 0.4161163866519928 175
1784244802109 0.7475410103797913 176
1784244802123 0.31308573484420776 177
1784244802138 0.6566305756568909 178
1784244802153 0.7369268536567688 179
1784244802169 0.3830042779445648 180
1784244802186 0.6864416003227234 181
1784244802203 0.36758512258529663 182
1784244802219 0.5088737607002258 183
1784244802234 0.32411348819732666 184
1784244802249 0.37474724650382996 185
1784244802267 0.19709321856498718 186
1784244802282 0.18056021630764008 187
1784244802296 0.3800365626811981 188
1784244802309 0.17689061164855957 189
1784244802323 0.521323025226593 190
1784244802338 0.30514582991600037 191
1784244802352 0.3412710130214691 192
1784244802366 0.33417055010795593 193
1784244802386 0.22548358142375946 194
1784244802399 0.24784594774246216 195
1784244802412 0.2962639629840851 196
1784244802426 0.3146570920944214 197
1784244802439 0.4825912117958069 198
1784244802453 0.20256741344928741 199
1784244802464 0.3526422381401062 200
1784244802477 0.5390580892562866 201
1784244802491 0.4265565872192383 202
1784244802504 0.3522564470767975 203
1784244802518 0.3626543879508972 204
1784244802533 0.6107044816017151 205
1784244802547 0.3706473410129547 206
1784244802561 0.40067023038864136 207
1784244802576 0.44079458713531494 208
1784244802590 0.5151901841163635 209
1784244802603 0.2565004825592041 210
1784244802618 0.4198409914970398 211
1784244802632 0.36893418431282043 212
1784244802647 0.42019814252853394 213
1784244802659 0.9698117971420288 214
1784244802671 0.43169549107551575 215
1784244802683 0.5121586322784424 216
1784244802698 0.3800557553768158 217
1784244802712 0.30149418115615845 218
1784244802725 0.47537630796432495 219
1784244802739 0.5500795841217041 220
1784244802753 0.5875632762908936 221
1784244802764 0.5098951458930969 222
1784244802779 0.41140252351760864 223
1784244802792 0.6165590882301331 224
1784244802804 0.4409170150756836 225
1784244802817 0.2239699512720108 226
1784244802830 0.5793251395225525 227
1784244802845 0.4613085389137268 228
1784244802859 0.3851715326309204 229
1784244802873 0.3370743989944458 230
1784244802888 0.4813241958618164 231
1784244802902 0.4564376473426819 232
1784244802915 0.37737637758255005 233
1784244802928 0.4275003671646118 234
1784244802942 0.24539746344089508 235
1784244802956 0.5881853103637695 236
1784244802971 0.4125721752643585 237
1784244802983 0.15531393885612488 238
1784244802997 0.14077916741371155 239
1784244803012 0.4560256898403168 240
1784244803025 0.4290629029273987 241
1784244803040 0.2652833163738251 242
1784244803054 0.5256695747375488 243
1784244803068 0.12475302070379257 244
1784244803082 0.5030009150505066 245
1784244803096 0.22251537442207336 246
1784244803109 0.2267237901687622 247
1784244803123 0.5068996548652649 248
1784244803136 0.3036479651927948 249
1784244803151 0.7359672784805298 250
1784244803164 0.5205441117286682 251
1784244803178 0.5477267503738403 252
1784244803193 0.35723844170570374 253
1784244803206 0.7729676961898804 254
1784244803221 0.4749491214752197 255
1784244803235 0.25147539377212524 256
1784244803250 0.29084527492523193 257
1784244803263 0.5187314748764038 258
1784244803277 0.5477496385574341 259
1784244803290 0.1755363643169403 260
1784244803304 0.24704569578170776 261
1784244803318 0.3707425594329834 262
1784244803331 0.4399181008338928 263
1784244803344 0.3059074580669403 264
1784244803361 0.19392834603786469 265
1784244803376 0.35528260469436646 266
1784244803391 0.45966270565986633 267
1784244803404 0.40413951873779297 268
1784244803417 0.5549547672271729 269
1784244803431 0.7010632157325745 270
1784244803445 0.6230999231338501 271
1784244803459 0.46574869751930237 272
1784244803474 0.17342975735664368 273
1784244803488 0.2983373999595642 274
1784244803501 0.7149317860603333 275
1784244803514 0.27819764614105225 276
1784244803530 0.2744665741920471 277
1784244803544 0.5127618908882141 278
1784244803558 0.8005903363227844 279
1784244803572 0.2649504840373993 280
1784244803588 0.6320904493331909 281
1784244803601 0.3781021535396576 282
1784244803614 0.2817077934741974 283
1784244803629 0.5600755214691162 284
1784244803643 0.43581345677375793 285
1784244803657 0.2577158808708191 286
1784244803671 0.452720582485199 287
1784244803685 0.8560096621513367 288
1784244803699 0.2445240616798401 289
1784244803711 0.42927104234695435 290
1784244803725 0.5836966037750244 291
1784244803742 0.32615184783935547 292
1784244803763 0.16654132306575775 293
1784244803781 0.1187746524810791 294
1784244803804 0.7445355653762817 295
1784244803824 0.2687501609325409 296
1784244803844 0.2492769956588745 297
1784244803862 0.29929038882255554 298
1784244803876 0.3836195766925812 299
1784244803903 0.44198983907699585 300
1784244804005 0.17196479439735413 301
1784244804025 0.1979156881570816 302
1784244804045 0.3325047194957733 303
1784244804061 0.23592577874660492 304
1784244804076 0.1961955428123474 305
1784244804090 0.4968484044075012 306
1784244804105 0.29938817024230957 307
1784244804120 0.6594759821891785 308
1784244804134 0.19617946445941925 309
1784244804148 0.1284962147474289 310
1784244804163 0.19219841063022614 311
1784244804178 0.3929115831851959 312
1784244804193 0.476119726896286 313
1784244804208 0.36798205971717834 314
1784244804222 0.48387089371681213 315
1784244804234 0.5016981959342957 316
1784244804246 0.2864495515823364 317
1784244804260 0.5545284152030945 318
1784244804275 0.4486786425113678 319
1784244804288 0.4059385061264038 320
1784244804302 0.6167667508125305 321
1784244804317 0.6550294160842896 322
1784244804333 0.28783389925956726 323
1784244804346 0.29575681686401367 324
1784244804360 0.3117457330226898 325
1784244804375 0.07314734905958176 326
1784244804388 0.2962046265602112 327
1784244804403 0.6098624467849731 328
1784244804420 0.3313996195793152 329
1784244804439 0.22988829016685486 330
1784244804455 0.6155924201011658 331
1784244804471 0.3552566170692444 332
1784244804487 0.34884142875671387 333
1784244804500 0.30650922656059265 334
1784244804515 0.3731907606124878 335
1784244804528 0.1927633285522461 336
1784244804542 0.17852601408958435 337
1784244804556 0.4268142282962799 338
1784244804571 0.4152236878871918 339
1784244804586 0.4711057245731354 340
1784244804600 0.5458088517189026 341
1784244804614 0.16861693561077118 342
1784244804628 0.19571644067764282 343
1784244804643 0.3703329265117645 344
1784244804655 0.6023032069206238 345
1784244804669 0.17071755230426788 346
1784244804684 0.384271502494812 347
1784244804699 0.2302398383617401 348
1784244804712 0.6923142671585083 349
1784244804726 0.38188496232032776 350
1784244804738 0.49505504965782166 351
1784244804752 0.2267068326473236 352
1784244804765 0.4550011456012726 353
1784244804779 0.27818286418914795 354
1784244804795 0.42091017961502075 355
1784244804810 0.14016534388065338 356
1784244804825 0.13783206045627594 357
1784244804843 0.2284737527370453 358
1784244804866 0.28828397393226624 359
1784244804886 0.3163571059703827 360
1784244804906 0.38782820105552673 361
1784244804926 0.1694091558456421 362
1784244804948 0.28675732016563416 363
1784244804970 0.31997108459472656 364
1784244804989 0.08070643246173859 365
1784244805012 0.17165778577327728 366
1784244805032 0.43351519107818604 367
1784244805053 0.2612776458263397 368
1784244805074 0.3497343957424164 369
1784244805094 0.3531719446182251 370
1784244805111 0.5326413512229919 371
1784244805128 0.14494889974594116 372
1784244805147 0.1725660264492035 373
1784244805165 0.24767345190048218 374
1784244805187 0.34112653136253357 375
1784244805203 0.4142589271068573 376
1784244805219 0.5787937641143799 377
1784244805237 0.6226927638053894 378
1784244805252 0.5111744999885559 379
1784244805266 0.30239546298980713 380
1784244805279 0.3398352563381195 381
1784244805294 0.23779045045375824 382
1784244805307 0.3753490149974823 383
1784244805320 0.3057558238506317 384
1784244805335 0.1523151397705078 385
1784244805350 0.35370662808418274 386
1784244805364 0.42248016595840454 387
1784244805378 0.28268006443977356 388
1784244805392 0.3827861249446869 389
1784244805406 0.41301700472831726 390
1784244805420 0.4253501892089844 391
1784244805433 0.553765594959259 392
1784244805449 0.4167231619358063 393
1784244805465 0.3646273910999298 394
1784244805480 0.29280561208724976 395
1784244805496 0.4304429292678833 396
1784244805513 0.1552179455757141 397
1784244805529 0.754223108291626 398
1784244805549 0.3316330909729004 399
1784244805566 0.24016736447811127 400
1784244805587 0.25961634516716003 401
1784244805608 0.19311441481113434 402
1784244805628 0.21227683126926422 403
1784244805646 0.47285687923431396 404
1784244805663 0.2702138423919678 405
1784244805680 0.3113163411617279 406
1784244805700 0.1725347489118576 407
1784244805717 0.42261698842048645 408
1784244805732 0.2426542490720749 409
1784244805746 0.3593377470970154 410
1784244805761 0.5608493685722351 411
1784244805774 0.30703917145729065 412
1784244805788 0.22099941968917847 413
1784244805805 0.20271523296833038 414
1784244805822 0.1879287213087082 415
1784244805837 0.38347378373146057 416
1784244805854 0.297504723072052 417
1784244805867 0.42955461144447327 418
1784244805881 0.45771506428718567 419
1784244805897 0.16859909892082214 420
1784244805910 0.631883442401886 421
1784244805925 0.38161662220954895 422
1784244805940 0.3792075216770172 423
1784244805965 0.48369845747947693 424
1784244805980 0.25836455821990967 425
1784244805994 0.5312121510505676 426
1784244806008 0.2407071888446808 427
1784244806022 0.45101025700569153 428
1784244806037 0.20263546705245972 429
1784244806051 0.30377906560897827 430
1784244806064 0.12919950485229492 431
1784244806079 0.6006119251251221 432
1784244806093 0.15994778275489807 433
1784244806109 0.9864454865455627 434
1784244806125 0.4051626920700073 435
1784244806138 0.2590847909450531 436
1784244806151 0.24023312330245972 437
1784244806164 0.07108158618211746 438
1784244806179 0.2583347260951996 439
1784244806193 0.30738896131515503 440
1784244806207 0.2339397817850113 441
1784244806223 0.36223945021629333 442
1784244806236 0.4682689309120178 443
1784244806252 0.7294837832450867 444
1784244806267 0.7602246403694153 445
1784244806282 0.356429785490036 446
1784244806296 0.3010183274745941 447
1784244806310 0.3636528551578522 448
1784244806324 0.4046385884284973 449
1784244806339 0.27538058161735535 450
1784244806355 0.29467299580574036 451
1784244806370 0.4011293649673462 452
1784244806387 0.6588891744613647 453
1784244806401 0.19739636778831482 454
1784244806414 0.5522867441177368 455
1784244806428 0.4099259078502655 456
1784244806444 0.1031922847032547 457
1784244806460 0.20608392357826233 458
1784244806474 0.3189884126186371 459
1784244806488 0.27935752272605896 460
1784244806504 0.16001994907855988 461
1784244806518 0.23441526293754578 462
1784244806535 0.8081585168838501 463
1784244806550 0.31893351674079895 464
1784244806566 0.40714094042778015 465
1784244806580 0.17549243569374084 466
1784244806596 0.24550330638885498 467
1784244806611 0.12829186022281647 468
1784244806626 0.1875031590461731 469
1784244806642 0.17195631563663483 470
1784244806661 0.4867458641529083 471
1784244806680 0.315274715423584 472
1784244806696 0.28133049607276917 473
1784244806712 0.37337589263916016 474
1784244806728 0.4732515513896942 475
1784244806745 0.4203939437866211 476
1784244806760 0.2527674734592438 477
1784244806776 0.2504083514213562 478
1784244806792 0.4033416509628296 479
1784244806807 0.26802873611450195 480
1784244806821 0.294919490814209 481
1784244806836 0.31350448727607727 482
1784244806855 0.17075805366039276 483
1784244806871 0.12631727755069733 484
1784244806889 0.14344355463981628 485
1784244806908 0.3665737807750702 486
1784244806927 0.17753654718399048 487
1784244806949 0.41117775440216064 488
1784244806965 0.4398307204246521 489
1784244806983 0.14093483984470367 490
1784244806999 0.2936318516731262 491
1784244807018 0.3598524332046509 492
1784244807035 0.07716093957424164 493
1784244807051 0.3152172267436981 494
1784244807070 0.32610780000686646 495
1784244807086 0.4415227174758911 496
1784244807102 0.3550955653190613 497
1784244807118 0.32216334342956543 498
1784244807134 0.27339035272598267 499
1784244807149 0.12941814959049225 500
1784244807163 0.29871317744255066 501
1784244807177 0.23791281878948212 502
1784244807191 0.2953351140022278 503
1784244807204 0.09108775854110718 504
1784244807218 0.3593389391899109 505
1784244807232 0.10627041012048721 506
1784244807245 0.4903683662414551 507
1784244807259 0.261750727891922 508
1784244807274 0.02973417565226555 509
1784244807287 0.19806808233261108 510
1784244807302 0.23458752036094666 511
1784244807315 0.18487600982189178 512
1784244807329 0.6293146014213562 513
1784244807344 0.4623609483242035 514
1784244807357 0.293750524520874 515
1784244807372 0.4068623185157776 516
1784244807386 0.7248098254203796 517
1784244807400 0.42542630434036255 518
1784244807414 0.5025844573974609 519
1784244807428 0.15712812542915344 520
1784244807443 0.2046876847743988 521
1784244807457 0.22441819310188293 522
1784244807471 0.21135582029819489 523
1784244807485 0.3126366138458252 524
1784244807500 0.23998598754405975 525
1784244807511 0.32024264335632324 526
1784244807524 0.3584844768047333 527
1784244807537 0.3196926712989807 528
1784244807551 0.21221113204956055 529
1784244807564 0.7550296783447266 530
1784244807580 0.34773147106170654 531
1784244807595 0.39827677607536316 532
1784244807610 0.3628821074962616 533
1784244807625 0.4005921483039856 534
1784244807640 0.3787505030632019 535
1784244807652 0.20987892150878906 536
1784244807663 0.3813630938529968 537
1784244807678 0.31393319368362427 538
1784244807693 0.303591251373291 539
1784244807707 0.24587412178516388 540
1784244807720 0.30033034086227417 541
1784244807734 0.39486274123191833 542
1784244807747 0.6048406958580017 543
1784244807761 0.42869701981544495 544
1784244807774 0.4136461913585663 545
1784244807788 0.23535855114459991 546
1784244807800 0.45210185647010803 547
1784244807811 0.2758338749408722 548
1784244807825 0.38736048340797424 549
1784244807839 0.23281747102737427 550
1784244807852 0.2685715854167938 551
1784244807866 0.3359690010547638 552
1784244807879 0.18931697309017181 553
1784244807893 0.4018906354904175 554
1784244807907 0.2448774129152298 555
1784244807920 0.2708427608013153 556
1784244807934 0.3611336052417755 557
1784244807947 0.32889190316200256 558
1784244807962 0.5474470853805542 559
1784244807975 0.30978626012802124 560
1784244807987 0.1890420764684677 561
1784244808001 0.12518863379955292 562
1784244808014 0.4952262341976166 563
1784244808028 0.3327850103378296 564
1784244808041 0.38589224219322205 565
1784244808054 0.1734195500612259 566
1784244808066 0.4210819900035858 567
1784244808079 0.37708908319473267 568
1784244808093 0.5147801637649536 569
1784244808105 0.2761116623878479 570
1784244808119 0.19543485343456268 571
1784244808131 0.19471120834350586 572
1784244808145 0.255329430103302 573
1784244808159 0.11650848388671875 574
1784244808172 0.18277671933174133 575
1784244808186 0.2507596015930176 576
1784244808199 0.16011936962604523 577
1784244808212 0.1080307736992836 578
1784244808226 0.32473084330558777 579
1784244808240 0.4020726680755615 580
1784244808254 0.4370817244052887 581
1784244808267 0.4481716752052307 582
1784244808280 0.48343294858932495 583
1784244808292 0.21159180998802185 584
1784244808304 0.4062224328517914 585
1784244808318 0.22256895899772644 586
1784244808333 0.1651773303747177 587
1784244808346 0.135019451379776 588
1784244808360 0.19546744227409363 589
1784244808373 0.45234400033950806 590
1784244808387 0.15648268163204193 591
1784244808398 0.0990779846906662 592
1784244808411 0.5584547519683838 593
1784244808424 0.4033198356628418 594
1784244808438 0.16403591632843018 595
1784244808453 0.40530893206596375 596
1784244808467 0.19139255583286285 597
1784244808480 0.2791689932346344 598
1784244808492 0.4905969798564911 599
1784244808506 0.2639705240726471 600
1784244808519 0.28847676515579224 601
1784244808532 0.4701527953147888 602
1784244808546 0.43674564361572266 603
1784244808559 0.1312805414199829 604
1784244808572 0.2995566129684448 605
1784244808585 0.16084739565849304 606
1784244808599 0.32923054695129395 607
1784244808612 0.5811409950256348 608
1784244808627 0.2249966412782669 609
1784244808641 0.38593918085098267 610
1784244808655 0.11798059195280075 611
1784244808670 0.5534161925315857 612
1784244808683 0.5639404058456421 613
1784244808697 0.33708661794662476 614
1784244808711 0.45073652267456055 615
1784244808723 0.5820031762123108 616
1784244808736 0.09451177716255188 617
1784244808747 0.4520663321018219 618
1784244808761 0.20664501190185547 619
1784244808775 0.19283843040466309 620
1784244808788 0.3721449077129364 621
1784244808801 0.1279958188533783 622
1784244808815 0.1743573248386383 623
1784244808827 0.3464610278606415 624
1784244808840 0.19114741683006287 625
1784244808852 0.6994417905807495 626
1784244808868 0.2322288304567337 627
1784244808885 0.11096688359975815 628
1784244808904 0.14012789726257324 629
1784244808920 0.3838229179382324 630
1784244808947 0.10625194758176804 631
1784244808961 0.4052146077156067 632
1784244808977 0.3874669671058655 633
1784244808990 0.35063621401786804 634
1784244809004 0.1473970264196396 635
1784244809019 0.2762813866138458 636
1784244809032 0.3124442994594574 637
1784244809045 0.45051679015159607 638
1784244809059 0.46006661653518677 639
1784244809074 0.2720203995704651 640
1784244809088 0.3169696033000946 641
1784244809102 0.19789168238639832 642
1784244809115 0.21444495022296906 643
1784244809129 0.28351643681526184 644
1784244809145 0.34720245003700256 645
1784244809159 0.4687314033508301 646
1784244809173 0.16103893518447876 647
1784244809186 0.31251466274261475 648
1784244809200 0.4792856276035309 649
1784244809216 0.2886635959148407 650
1784244809234 0.059860993176698685 651
1784244809250 0.13489247858524323 652
1784244809263 0.47841906547546387 653
1784244809278 0.4336602985858917 654
1784244809293 0.34436753392219543 655
1784244809314 0.19235309958457947 656
1784244809329 0.16009488701820374 657
1784244809344 0.37131980061531067 658
1784244809359 0.2264907956123352 659
1784244809374 0.36197441816329956 660
1784244809388 0.22690996527671814 661
1784244809402 0.16317643225193024 662
1784244809416 0.0751103013753891 663
1784244809432 0.47984176874160767 664
1784244809446 0.13941453397274017 665
1784244809462 0.5889695286750793 666
1784244809477 0.3814592957496643 667
1784244809491 0.6712700724601746 668
1784244809505 0.22762879729270935 669
1784244809520 0.34303075075149536 670
1784244809534 0.08415558934211731 671
1784244809550 0.13832448422908783 672
1784244809563 0.31168532371520996 673
1784244809578 0.3008127808570862 674
1784244809591 0.0688222125172615 675
1784244809606 0.5632654428482056 676
1784244809620 0.06087787449359894 677
1784244809636 0.3772607743740082 678
1784244809652 0.7494301199913025 679
1784244809668 0.23711276054382324 680
1784244809683 0.3223619759082794 681
1784244809696 0.15829934179782867 682
1784244809711 0.367168128490448 683
1784244809726 0.16105516254901886 684
1784244809740 0.1420561969280243 685
1784244809753 0.23956894874572754 686
1784244809768 0.1889221966266632 687
1784244809782 0.1890784502029419 688
1784244809795 0.1654517650604248 689
1784244809807 0.1857948899269104 690
1784244809821 0.10152430832386017 691
1784244809833 0.3064097762107849 692
1784244809846 0.35136184096336365 693
1784244809860 0.409027636051178 694
1784244809873 0.15426912903785706 695
1784244809886 0.14405196905136108 696
1784244809901 0.3974350690841675 697
1784244809914 0.49454084038734436 698
1784244809929 0.4249922037124634 699
1784244809945 0.10279244184494019 700
1784244809960 0.21749094128608704 701
1784244809974 0.14887239038944244 702
1784244809989 0.5218830704689026 703
1784244810003 0.4873526692390442 704
1784244810016 0.28877684473991394 705
1784244810031 0.31083929538726807 706
1784244810045 0.31405794620513916 707
1784244810059 0.20041747391223907 708
1784244810074 0.4290171265602112 709
1784244810086 0.4138058125972748 710
1784244810100 0.4451630413532257 711
1784244810115 0.2312924861907959 712
1784244810127 0.2540629506111145 713
1784244810140 0.17978408932685852 714
1784244810154 0.3426295518875122 715
1784244810167 0.26589614152908325 716
1784244810179 0.2574077546596527 717
1784244810191 0.13380980491638184 718
1784244810205 0.47122085094451904 719
1784244810219 0.2663035988807678 720
1784244810233 0.27297207713127136 721
1784244810246 0.16493909060955048 722
1784244810261 0.13847434520721436 723
1784244810276 0.28048384189605713 724
1784244810289 0.43452709913253784 725
1784244810303 0.35116663575172424 726
1784244810316 0.35213184356689453 727
1784244810330 0.41072458028793335 728
1784244810342 0.29652389883995056 729
1784244810355 0.10264677554368973 730
1784244810368 0.30566996335983276 731
1784244810379 0.29715248942375183 732
1784244810391 0.271884948015213 733
1784244810405 0.3431680500507355 734
1784244810419 0.2382134050130844 735
1784244810431 0.2440081536769867 736
1784244810445 0.2954122722148895 737
1784244810459 0.1794995814561844 738
1784244810472 0.217584490776062 739
1784244810486 0.26822760701179504 740
1784244810500 0.3909493088722229 741
1784244810513 0.2614057958126068 742
1784244810527 0.20219780504703522 743
1784244810540 0.1722826212644577 744
1784244810554 0.205412819981575 745
1784244810568 0.3564274311065674 746
1784244810579 0.31117093563079834 747
1784244810593 0.1299372762441635 748
1784244810604 0.47474053502082825 749
1784244810618 0.26528722047805786 750
1784244810633 0.5408132672309875 751
1784244810646 0.038111962378025055 752
1784244810661 0.2506687641143799 753
1784244810676 0.2508702874183655 754
1784244810688 0.19390174746513367 755
1784244810700 0.19390051066875458 756
1784244810715 0.1779327541589737 757
1784244810726 0.24913597106933594 758
1784244810739 0.3221599757671356 759
1784244810752 0.5056871175765991 760
1784244810763 0.19068756699562073 761
1784244810777 0.40897414088249207 762
1784244810790 0.22368910908699036 763
1784244810804 0.24859289824962616 764
1784244810815 0.17577019333839417 765
1784244810829 0.2149389684200287 766
1784244810843 0.3948061168193817 767
1784244810858 0.28356829285621643 768
1784244810872 0.22389179468154907 769
1784244810884 0.1352664977312088 770
1784244810897 0.20793774724006653 771
1784244810910 0.3053709864616394 772
1784244810925 0.2588822841644287 773
1784244810938 0.18815729022026062 774
1784244810952 0.49554574489593506 775
1784244810969 0.06323501467704773 776
1784244810981 0.4972243010997772 777
1784244810994 0.1933557093143463 778
1784244811008 0.4447239637374878 779
1784244811023 0.4052868187427521 780
1784244811037 0.3104475140571594 781
1784244811051 0.3264780044555664 782
1784244811065 0.15082499384880066 783
1784244811079 0.33311089873313904 784
1784244811094 0.12442168593406677 785
1784244811111 0.7800300717353821 786
1784244811128 0.2975740432739258 787
1784244811144 0.21005994081497192 788
1784244811159 0.4129749536514282 789
1784244811176 0.26652026176452637 790
1784244811190 0.28231945633888245 791
1784244811203 0.2985130846500397 792
1784244811216 0.3023304045200348 793
1784244811229 0.3587615489959717 794
1784244811243 0.18867702782154083 795
1784244811256 0.12832801043987274 796
1784244811270 0.29117998480796814 797
1784244811284 0.397110253572464 798
1784244811299 0.12004553526639938 799
1784244811314 0.27256929874420166 800
1784244811327 0.22590422630310059 801
1784244811342 0.18160830438137054 802
1784244811355 0.1765463650226593 803
1784244811369 0.34705206751823425 804
1784244811382 0.3099948763847351 805
1784244811396 0.1833844780921936 806
1784244811408 0.3065429925918579 807
1784244811422 0.28273090720176697 808
1784244811437 0.14028297364711761 809
1784244811452 0.24969638884067535 810
1784244811469 0.3197441101074219 811
1784244811482 0.3716881275177002 812
1784244811495 0.2936800718307495 813
1784244811510 0.3941980004310608 814
1784244811525 0.4884842336177826 815
1784244811540 0.24224789440631866 816
1784244811553 0.2877664864063263 817
1784244811567 0.3018307089805603 818
1784244811581 0.11720692366361618 819
1784244811594 0.4916483461856842 820
1784244811606 0.14109906554222107 821
1784244811620 0.5556960701942444 822
1784244811632 0.23504169285297394 823
1784244811646 0.19481606781482697 824
1784244811661 0.2668153643608093 825
1784244811675 0.25789758563041687 826
1784244811689 0.34537962079048157 827
1784244811704 0.20321162045001984 828
1784244811718 0.11361294239759445 829
1784244811731 0.07377022504806519 830
1784244811744 0.4543902575969696 831
1784244811759 0.5346577763557434 832
1784244811774 0.22626140713691711 833
1784244811788 0.35983580350875854 834
1784244811803 0.2536814212799072 835
1784244811818 0.16600877046585083 836
1784244811833 0.288464218378067 837
1784244811845 0.14924493432044983 838
1784244811860 0.27295199036598206 839
1784244811874 0.14709237217903137 840
1784244811886 0.19930917024612427 841
1784244811902 0.1456354260444641 842
1784244811918 0.20109765231609344 843
1784244811934 0.23168307542800903 844
1784244811948 0.5768928527832031 845
1784244811969 0.3585975468158722 846
1784244811983 0.16444559395313263 847
1784244811995 0.49629971385002136 848
1784244812010 0.37746763229370117 849
1784244812025 0.26256507635116577 850
1784244812040 0.4919624924659729 851
1784244812054 0.09131179004907608 852
1784244812068 0.4319986402988434 853
1784244812083 0.4738837778568268 854
1784244812097 0.1848675012588501 855
1784244812112 0.2902297079563141 856
1784244812128 0.25689974427223206 857
1784244812144 0.1544593870639801 858
1784244812159 0.3198128342628479 859
1784244812174 0.4253704845905304 860
1784244812189 0.36705437302589417 861
1784244812208 0.1294531226158142 862
1784244812226 0.18089257180690765 863
1784244812243 0.19258829951286316 864
1784244812259 0.36077001690864563 865
1784244812275 0.25647109746932983 866
1784244812292 0.3787393271923065 867
1784244812308 0.3784598410129547 868
1784244812324 0.3250746428966522 869
1784244812339 0.32342711091041565 870
1784244812355 0.6764912605285645 871
1784244812370 0.47851741313934326 872
1784244812386 0.118290975689888 873
1784244812401 0.09038613736629486 874
1784244812419 0.22217324376106262 875
1784244812437 0.21087655425071716 876
1784244812456 0.1028127446770668 877
1784244812474 0.07910269498825073 878
1784244812487 0.2435067594051361 879
1784244812504 0.2268856167793274 880
1784244812520 0.2947358787059784 881
1784244812537 0.25078269839286804 882
1784244812554 0.1466073989868164 883
1784244812570 0.1136607676744461 884
1784244812586 0.2941022515296936 885
1784244812601 0.25801360607147217 886
1784244812616 0.22472018003463745 887
1784244812632 0.2931349277496338 888
1784244812647 0.3782046139240265 889
1784244812664 0.278663694858551 890
1784244812772 0.09597676247358322 891
1784244812786 0.11166895180940628 892
1784244812809 0.15805616974830627 893
1784244812823 0.09058147668838501 894
1784244812836 0.13967877626419067 895
1784244812850 0.2682209610939026 896
1784244812866 0.42455267906188965 897
1784244812880 0.2829250693321228 898
1784244812893 0.2020939290523529 899
1784244812906 0.15254685282707214 900
1784244812919 0.2623354196548462 901
1784244812933 0.10486403852701187 902
1784244812946 0.5075372457504272 903
1784244812961 0.27463069558143616 904
1784244812976 0.27753961086273193 905
1784244812991 0.20653307437896729 906
1784244813006 0.15616650879383087 907
1784244813020 0.12105295807123184 908
1784244813035 0.13082346320152283 909
1784244813051 0.34467917680740356 910
1784244813063 0.1711599975824356 911
1784244813078 0.27655357122421265 912
1784244813093 0.24906039237976074 913
1784244813107 0.27050185203552246 914
1784244813122 0.3356344401836395 915
1784244813136 0.25589630007743835 916
1784244813151 0.2118116021156311 917
1784244813163 0.18205471336841583 918
1784244813177 0.1606178730726242 919
1784244813191 0.10145571082830429 920
1784244813205 0.35426339507102966 921
1784244813219 0.20732860267162323 922
1784244813233 0.1986391395330429 923
1784244813246 0.27287232875823975 924
1784244813261 0.43068596720695496 925
1784244813276 0.06283092498779297 926
1784244813290 0.20199351012706757 927
1784244813302 0.2738434970378876 928
1784244813319 0.36584389209747314 929
1784244813336 0.18929055333137512 930
1784244813352 0.08701777458190918 931
1784244813366 0.29566818475723267 932
1784244813380 0.2567724287509918 933
1784244813396 0.16305327415466309 934
1784244813413 0.217445969581604 935
1784244813426 0.1502622663974762 936
1784244813440 0.26530128717422485 937
1784244813454 0.5813739895820618 938
1784244813469 0.11935371905565262 939
1784244813482 0.16731172800064087 940
1784244813496 0.33756861090660095 941
1784244813510 0.2454034686088562 942
1784244813524 0.10391557961702347 943
1784244813538 0.35542237758636475 944
1784244813552 0.2897605895996094 945
1784244813567 0.3887588679790497 946
1784244813581 0.36559921503067017 947
1784244813595 0.30940330028533936 948
1784244813609 0.37908899784088135 949
1784244813623 0.36532875895500183 950
1784244813636 0.1729739010334015 951
1784244813651 0.4862138628959656 952
1784244813666 0.20072057843208313 953
1784244813678 0.14455477893352509 954
1784244813694 0.1365257352590561 955
1784244813708 0.44723740220069885 956
1784244813721 0.2716224491596222 957
1784244813733 0.08572805672883987 958
1784244813746 0.1806720346212387 959
1784244813760 0.17492574453353882 960
1784244813774 0.47310763597488403 961
1784244813788 0.5936408042907715 962
1784244813810 0.05998840928077698 963
1784244813824 0.3399275243282318 964
1784244813838 0.27398771047592163 965
1784244813853 0.10742732882499695 966
1784244813869 0.5728302001953125 967
1784244813883 0.4341127872467041 968
1784244813898 0.3291381597518921 969
1784244813915 0.20579740405082703 970
1784244813931 0.31344184279441833 971
1784244813946 0.3297824561595917 972
1784244813962 0.23964150249958038 973
1784244813976 0.48333051800727844 974
1784244813991 0.2595999538898468 975
1784244814006 0.35515159368515015 976
1784244814038 0.11948280781507492 977
1784244814053 0.25066858530044556 978
1784244814069 0.2473769336938858 979
1784244814085 0.25482112169265747 980
1784244814098 0.13317759335041046 981
1784244814110 0.22818119823932648 982
1784244814126 0.28731220960617065 983
1784244814140 0.17251217365264893 984
1784244814153 0.11320734769105911 985
1784244814168 0.3667811155319214 986
1784244814182 0.21704067289829254 987
1784244814196 0.08657163381576538 988
1784244814210 0.08792003989219666 989
1784244814224 0.1814717948436737 990
1784244814238 0.2516549825668335 991
1784244814251 0.2739958167076111 992
1784244814265 0.2101738005876541 993
1784244814278 0.8108370304107666 994
1784244814293 0.3409619629383087 995
1784244814308 0.08945474028587341 996
1784244814323 0.26516467332839966 997
1784244814337 0.7620859742164612 998
1784244814352 0.3462137281894684 999
1784244814367 0.16253873705863953 1000
1784244814382 0.332649290561676 1001
1784244814396 0.16704392433166504 1002
1784244814411 0.3390759527683258 1003
1784244814430 0.4378928542137146 1004
1784244814444 0.38287848234176636 1005
1784244814458 0.10180786997079849 1006
1784244814473 0.38528478145599365 1007
1784244814487 0.0910998210310936 1008
1784244814501 0.15727728605270386 1009
1784244814516 0.20287160575389862 1010
1784244814531 0.32163870334625244 1011
1784244814545 0.39180946350097656 1012
1784244814560 0.21165302395820618 1013
1784244814574 0.17596691846847534 1014
1784244814588 0.17840199172496796 1015
1784244814603 0.7203528881072998 1016
1784244814619 0.39121004939079285 1017
1784244814638 0.4572899639606476 1018
1784244814652 0.15034139156341553 1019
1784244814667 0.09707018733024597 1020
1784244814682 0.1815403401851654 1021
1784244814698 0.1455068439245224 1022
1784244814712 0.1734437495470047 1023
1784244814728 0.662695050239563 1024
1784244814742 0.2249678522348404 1025
1784244814759 0.6642730236053467 1026
1784244814774 0.3821982741355896 1027
1784244814788 0.19140274822711945 1028
1784244814802 0.17686250805854797 1029
1784244814817 0.29367294907569885 1030
1784244814831 0.1284862607717514 1031
1784244814846 0.24980276823043823 1032
1784244814860 0.29123157262802124 1033
1784244814874 0.10383857786655426 1034
1784244814891 0.21192286908626556 1035
1784244814902 0.0910235047340393 1036
1784244814921 0.23914512991905212 1037
1784244814938 0.1689942628145218 1038
1784244814953 0.1800660640001297 1039
1784244814969 0.3021109700202942 1040
1784244814984 0.4271329641342163 1041
1784244814998 0.17880982160568237 1042
1784244815014 0.24738748371601105 1043
1784244815030 0.2711675763130188 1044
1784244815048 0.2917298674583435 1045
1784244815064 0.38716548681259155 1046
1784244815082 0.28228524327278137 1047
1784244815099 0.05014471337199211 1048
1784244815115 0.41451138257980347 1049
1784244815131 0.33398258686065674 1050
1784244815147 0.287412166595459 1051
1784244815163 0.1577875167131424 1052
1784244815181 0.3662048578262329 1053
1784244815195 0.31468793749809265 1054
1784244815211 0.1077607274055481 1055
1784244815226 0.15752394497394562 1056
1784244815241 0.27097901701927185 1057
1784244815255 0.034476350992918015 1058
1784244815268 0.0826820507645607 1059
1784244815283 0.2940158247947693 1060
1784244815300 0.6075063347816467 1061
1784244815316 0.1694541871547699 1062
1784244815336 0.41079872846603394 1063
1784244815352 0.21773502230644226 1064
1784244815370 0.12136398255825043 1065
1784244815390 0.20305180549621582 1066
1784244815410 0.07596436142921448 1067
1784244815426 0.2962254583835602 1068
1784244815449 0.15248437225818634 1069
1784244815469 0.3230833113193512 1070
1784244815487 0.3028774559497833 1071
1784244815505 0.12358839809894562 1072
1784244815520 0.38668686151504517 1073
1784244815536 0.10352818667888641 1074
1784244815554 0.03864279389381409 1075
1784244815572 0.20724715292453766 1076
1784244815588 0.2358250468969345 1077
1784244815607 0.065398208796978 1078
1784244815624 0.26564306020736694 1079
1784244815642 0.288784384727478 1080
1784244815658 0.20124977827072144 1081
1784244815675 0.15937961637973785 1082
1784244815689 0.4046533703804016 1083
1784244815705 0.11961917579174042 1084
1784244815722 0.13261954486370087 1085
1784244815737 0.18741656839847565 1086
1784244815753 0.1801334023475647 1087
1784244815769 0.12252526730298996 1088
1784244815785 0.2886708378791809 1089
1784244815801 0.3361750841140747 1090
1784244815816 0.5711476802825928 1091
1784244815832 0.3084717392921448 1092
1784244815846 0.17489542067050934 1093
1784244815860 0.20584507286548615 1094
1784244815877 0.3281038999557495 1095
1784244815988 0.3464696705341339 1096
1784244816011 0.3073340356349945 1097
1784244816031 0.12501217424869537 1098
1784244816048 0.10778237134218216 1099
1784244816061 0.14136981964111328 1100
1784244816076 0.22308234870433807 1101
1784244816091 0.16350723803043365 1102
1784244816106 0.4686654210090637 1103
1784244816121 0.21296274662017822 1104
1784244816136 0.08668068796396255 1105
1784244816152 0.17983683943748474 1106
1784244816166 0.14518709480762482 1107
1784244816181 0.2121894806623459 1108
1784244816196 0.12672267854213715 1109
1784244816209 0.11266367882490158 1110
1784244816223 0.2149806022644043 1111
1784244816237 0.09232651442289352 1112
1784244816253 0.3062574565410614 1113
1784244816269 0.2834813594818115 1114
1784244816284 0.2224021852016449 1115
1784244816299 0.0619538351893425 1116
1784244816315 0.07774852216243744 1117
1784244816331 0.24620944261550903 1118
1784244816345 0.26826581358909607 1119
1784244816360 0.3913874626159668 1120
1784244816375 0.11122217029333115 1121
1784244816390 0.25043267011642456 1122
1784244816404 0.5582349300384521 1123
1784244816420 0.11740533262491226 1124
1784244816434 0.2730555832386017 1125
1784244816450 0.18806040287017822 1126
1784244816463 0.32310280203819275 1127
1784244816478 0.06064842641353607 1128
1784244816492 0.19484198093414307 1129
1784244816505 0.15194344520568848 1130
1784244816519 0.082271046936512 1131
1784244816535 0.196394145488739 1132
1784244816551 0.2257140427827835 1133
1784244816566 0.1861659735441208 1134
1784244816581 0.07632166147232056 1135
1784244816595 0.14267507195472717 1136
1784244816610 0.2726641893386841 1137
1784244816625 0.1799117922782898 1138
1784244816639 0.0594150647521019 1139
1784244816654 0.21306666731834412 1140
1784244816670 0.049199555069208145 1141
1784244816686 0.2959044575691223 1142
1784244816700 0.3366599380970001 1143
1784244816714 0.09768357127904892 1144
1784244816730 0.10996071994304657 1145
1784244816745 0.2518620789051056 1146
1784244816760 0.16239029169082642 1147
1784244816775 0.07789434492588043 1148
1784244816790 0.20102913677692413 1149
1784244816803 0.32534852623939514 1150
1784244816818 0.14527513086795807 1151
1784244816832 0.4430809020996094 1152
1784244816844 0.19681459665298462 1153
1784244816857 0.5215131044387817 1154
1784244816871 0.49845248460769653 1155
1784244816885 0.1017809808254242 1156
1784244816899 0.1983194500207901 1157
1784244816913 0.12941938638687134 1158
1784244816928 0.2012794315814972 1159
1784244816944 0.17587056756019592 1160
1784244816958 0.2375953048467636 1161
1784244816973 0.11063600331544876 1162
1784244816988 0.3246467411518097 1163
1784244817000 0.07035592943429947 1164
1784244817012 0.4382180869579315 1165
1784244817027 0.1626095324754715 1166
1784244817049 0.24611660838127136 1167
1784244817061 0.09589044004678726 1168
1784244817079 0.3522053062915802 1169
1784244817094 0.1247514858841896 1170
1784244817109 0.12943193316459656 1171
1784244817129 0.48160168528556824 1172
1784244817143 0.30868813395500183 1173
1784244817155 0.15411537885665894 1174
1784244817169 0.21589379012584686 1175
1784244817184 0.10597727447748184 1176
1784244817199 0.27789509296417236 1177
1784244817214 0.16204185783863068 1178
1784244817227 0.05104188993573189 1179
1784244817242 0.05794138461351395 1180
1784244817256 0.19054728746414185 1181
1784244817272 0.0867895558476448 1182
1784244817287 0.2855062186717987 1183
1784244817302 0.07018709182739258 1184
1784244817318 0.32045507431030273 1185
1784244817333 0.4337061047554016 1186
1784244817346 0.2865799069404602 1187
1784244817366 0.35942405462265015 1188
1784244817380 0.3799770176410675 1189
1784244817395 0.43828901648521423 1190
1784244817409 0.03177398443222046 1191
1784244817423 0.23924385011196136 1192
1784244817438 0.09690485894680023 1193
1784244817452 0.19304974377155304 1194
1784244817468 0.1767258197069168 1195
1784244817483 0.2907997667789459 1196
1784244817497 0.3408530354499817 1197
1784244817511 0.20908203721046448 1198
1784244817526 0.25144731998443604 1199
1784244817542 0.16829589009284973 1200
1784244817557 0.0697634294629097 1201
1784244817573 0.11816484481096268 1202
1784244817586 0.28086531162261963 1203
1784244817601 0.16047658026218414 1204
1784244817617 0.6609828472137451 1205
1784244817634 0.1421387493610382 1206
1784244817649 0.17875193059444427 1207
1784244817665 0.43896740674972534 1208
1784244817680 0.11045531183481216 1209
1784244817695 0.021907389163970947 1210
1784244817708 0.20762886106967926 1211
1784244817723 0.7404842376708984 1212
1784244817739 0.03829288110136986 1213
1784244817755 0.10266123712062836 1214
1784244817772 0.05986817553639412 1215
1784244817790 0.018262814730405807 1216
1784244817806 0.3873331546783447 1217
1784244817824 0.2659653425216675 1218
1784244817841 0.5552269220352173 1219
1784244817856 0.12609033286571503 1220
1784244817872 0.13664810359477997 1221
1784244817888 0.16558575630187988 1222
1784244817903 0.25754544138908386 1223
1784244817918 0.3630027174949646 1224
1784244817933 0.3993915319442749 1225
1784244817948 0.2539975047111511 1226
1784244817962 0.07881050556898117 1227
1784244817978 0.4227873384952545 1228
1784244817992 0.19699566066265106 1229
1784244818006 0.4466853737831116 1230
1784244818020 0.13967232406139374 1231
1784244818035 0.5038202404975891 1232
1784244818051 0.11217720806598663 1233
1784244818067 0.1924738734960556 1234
1784244818087 0.1636568158864975 1235
1784244818104 0.1758875846862793 1236
1784244818119 0.2689555883407593 1237
1784244818134 0.36293530464172363 1238
1784244818149 0.2148764580488205 1239
1784244818165 0.113375723361969 1240
1784244818185 0.08411617577075958 1241
1784244818203 0.14811201393604279 1242
1784244818219 0.0918017104268074 1243
1784244818237 0.1584886610507965 1244
1784244818253 0.2468010038137436 1245
1784244818270 0.1694330871105194 1246
1784244818288 0.36831438541412354 1247
1784244818305 0.13969318568706512 1248
1784244818321 0.07993968576192856 1249
1784244818337 0.11583112180233002 1250
1784244818354 0.20727011561393738 1251
1784244818368 0.29746943712234497 1252
1784244818383 0.14705374836921692 1253
1784244818396 0.15611669421195984 1254
1784244818412 0.09602090716362 1255
1784244818431 0.13399484753608704 1256
1784244818448 0.28324222564697266 1257
1784244818464 0.19615501165390015 1258
1784244818480 0.44353002309799194 1259
1784244818495 0.29445844888687134 1260
1784244818511 0.36378011107444763 1261
1784244818526 0.13743172585964203 1262
1784244818541 0.10857147723436356 1263
1784244818557 0.2961200475692749 1264
1784244818573 0.11007935553789139 1265
1784244818587 0.46352890133857727 1266
1784244818604 0.13515597581863403 1267
1784244818619 0.04964381083846092 1268
1784244818634 0.31281495094299316 1269
1784244818651 0.08239187300205231 1270
1784244818667 0.14255809783935547 1271
1784244818681 0.08160820603370667 1272
1784244818696 0.1296798586845398 1273
1784244818711 0.1701047420501709 1274
1784244818726 0.15537206828594208 1275
1784244818740 0.4482985734939575 1276
1784244818756 0.1723863184452057 1277
1784244818772 0.5945101976394653 1278
1784244818786 0.47098901867866516 1279
1784244818799 0.12379944324493408 1280
1784244818813 0.21209442615509033 1281
1784244818827 0.16813142597675323 1282
1784244818842 0.3379589319229126 1283
1784244818856 0.09996168315410614 1284
1784244818870 0.1810702383518219 1285
1784244818884 0.15973663330078125 1286
1784244818897 0.13063649833202362 1287
1784244818910 0.09932494908571243 1288
1784244818924 0.23413164913654327 1289
1784244818939 0.18632984161376953 1290
1784244818952 0.0919494479894638 1291
1784244818966 0.2029215693473816 1292
1784244818979 0.17312024533748627 1293
1784244818992 0.08095109462738037 1294
1784244819006 0.32727083563804626 1295
1784244819019 0.26382192969322205 1296
1784244819031 0.16854888200759888 1297
1784244819044 0.3421149253845215 1298
1784244819057 0.22867552936077118 1299
1784244819071 0.21270953118801117 1300
1784244819084 0.17434412240982056 1301
1784244819099 0.06669876724481583 1302
1784244819114 0.12509725987911224 1303
1784244819129 0.25888851284980774 1304
1784244819143 0.13646768033504486 1305
1784244819158 0.36607348918914795 1306
1784244819171 0.20225957036018372 1307
1784244819184 0.39128950238227844 1308
1784244819198 0.1307080239057541 1309
1784244819210 0.34221407771110535 1310
1784244819225 0.1552039086818695 1311
1784244819239 0.2521093785762787 1312
1784244819255 0.11375591903924942 1313
1784244819270 0.48820459842681885 1314
1784244819288 0.14957615733146667 1315
1784244819302 0.15142135322093964 1316
1784244819320 0.22561807930469513 1317
1784244819338 0.16469806432724 1318
1784244819358 0.18154165148735046 1319
1784244819374 0.1851518452167511 1320
1784244819389 0.2469768226146698 1321
1784244819404 0.3737953305244446 1322
1784244819417 0.08213992416858673 1323
1784244819432 0.09931701421737671 1324
1784244819446 0.25658726692199707 1325
1784244819460 0.08129933476448059 1326
1784244819474 0.38449981808662415 1327
1784244819489 0.1160929724574089 1328
1784244819505 0.05488745868206024 1329
1784244819521 0.23809358477592468 1330
1784244819540 0.16070087254047394 1331
1784244819556 0.14877231419086456 1332
1784244819570 0.3387119770050049 1333
1784244819584 0.5439361929893494 1334
1784244819598 0.30034229159355164 1335
1784244819614 0.2299683392047882 1336
1784244819628 0.17238682508468628 1337
1784244819641 0.1521296203136444 1338
1784244819654 0.16273488104343414 1339
1784244819669 0.26464059948921204 1340
1784244819684 0.1171979084610939 1341
1784244819698 0.17290863394737244 1342
1784244819714 0.1929798573255539 1343
1784244819727 0.3195301592350006 1344
1784244819743 0.09733572602272034 1345
1784244819757 0.2821083068847656 1346
1784244819772 0.2229536920785904 1347
1784244819786 0.1860365867614746 1348
1784244819802 0.12794269621372223 1349
1784244819817 0.2511356770992279 1350
1784244819828 0.18079905211925507 1351
1784244819842 0.13190016150474548 1352
1784244819858 0.20886972546577454 1353
1784244819870 0.09666916728019714 1354
1784244819884 0.28813958168029785 1355
1784244819898 0.08630457520484924 1356
1784244819914 0.10195502638816833 1357
1784244819930 0.06694859266281128 1358
1784244819945 0.2268180400133133 1359
1784244819959 0.44791093468666077 1360
1784244819973 0.23219645023345947 1361
1784244819987 0.26334279775619507 1362
1784244819999 0.12917669117450714 1363
1784244820011 0.1457376480102539 1364
1784244820028 0.18847660720348358 1365
1784244820046 0.31983521580696106 1366
1784244820073 0.4787862300872803 1367
1784244820089 0.20443567633628845 1368
1784244820104 0.058082424104213715 1369
1784244820120 0.11897477507591248 1370
1784244820136 0.13232654333114624 1371
1784244820152 0.4228295683860779 1372
1784244820167 0.2751690149307251 1373
1784244820181 0.15771298110485077 1374
1784244820193 0.10668725520372391 1375
1784244820208 0.4671943783760071 1376
1784244820224 0.1568855345249176 1377
1784244820241 0.08124937117099762 1378
1784244820259 0.05975571274757385 1379
1784244820279 0.24359889328479767 1380
1784244820298 0.108588308095932 1381
1784244820314 0.09980902820825577 1382
1784244820335 0.31167230010032654 1383
1784244820353 0.6144214272499084 1384
1784244820369 0.2784273028373718 1385
1784244820386 0.22878246009349823 1386
1784244820402 0.22775769233703613 1387
1784244820417 0.24343407154083252 1388
1784244820432 0.15482041239738464 1389
1784244820448 0.2594127357006073 1390
1784244820465 0.35769662261009216 1391
1784244820480 0.19679439067840576 1392
1784244820497 0.38201409578323364 1393
1784244820514 0.2369362711906433 1394
1784244820531 0.48874032497406006 1395
1784244820546 0.08908219635486603 1396
1784244820562 0.06968140602111816 1397
1784244820581 0.040055159479379654 1398
1784244820595 0.24060644209384918 1399
1784244820611 0.6957078576087952 1400
1784244820625 0.17299306392669678 1401
1784244820641 0.327541708946228 1402
1784244820657 0.15986981987953186 1403
1784244820672 0.5102774500846863 1404
1784244820688 0.24940235912799835 1405
1784244820704 0.20992793142795563 1406
1784244820719 0.22803720831871033 1407
1784244820734 0.08568213880062103 1408
1784244820748 0.08568163961172104 1409
1784244820765 0.07523532211780548 1410
1784244820782 0.1901703178882599 1411
1784244820799 0.09187939763069153 1412
1784244820814 0.16126015782356262 1413
1784244820830 0.35245904326438904 1414
1784244820844 0.10810400545597076 1415
1784244820858 0.39991772174835205 1416
1784244820870 0.30252060294151306 1417
1784244820883 0.20751424133777618 1418
1784244820895 0.36113378405570984 1419
1784244820909 0.1914021372795105 1420
1784244820924 0.31733208894729614 1421
1784244820944 0.10568272322416306 1422
1784244820961 0.11306790262460709 1423
1784244820977 0.2824341058731079 1424
1784244820990 0.243100106716156 1425
1784244821006 0.19182170927524567 1426
1784244821019 0.16071435809135437 1427
1784244821034 0.6973340511322021 1428
1784244821049 0.41709163784980774 1429
1784244821062 0.25232547521591187 1430
1784244821076 0.2910897135734558 1431
1784244821091 0.3210555613040924 1432
1784244821107 0.38304808735847473 1433
1784244821125 0.27654144167900085 1434
1784244821140 0.08816812932491302 1435
1784244821155 0.16489894688129425 1436
1784244821170 0.32999294996261597 1437
1784244821185 0.2155902236700058 1438
1784244821199 0.23136039078235626 1439
1784244821214 0.18051448464393616 1440
1784244821228 0.28277620673179626 1441
1784244821241 0.20936219394207 1442
1784244821254 0.25787636637687683 1443
1784244821267 0.14538955688476562 1444
1784244821282 0.157790407538414 1445
1784244821296 0.10133235901594162 1446
1784244821309 0.11408647894859314 1447
1784244821324 0.3908710181713104 1448
1784244821339 0.1226339116692543 1449
1784244821354 0.15024861693382263 1450
1784244821369 0.3791446387767792 1451
1784244821384 0.3410235643386841 1452
1784244821399 0.11691692471504211 1453
1784244821416 0.17791421711444855 1454
1784244821430 0.2172820121049881 1455
1784244821445 0.08003142476081848 1456
1784244821458 0.28780025243759155 1457
1784244821474 0.09018272161483765 1458
1784244821488 0.11148674786090851 1459
1784244821501 0.08964352309703827 1460
1784244821516 0.10931319743394852 1461
1784244821531 0.07837868481874466 1462
1784244821543 0.1119433119893074 1463
1784244821558 0.23402443528175354 1464
1784244821572 0.2912001609802246 1465
1784244821585 0.12821096181869507 1466
1784244821599 0.052040476351976395 1467
1784244821613 0.3089529275894165 1468
1784244821626 0.22934642434120178 1469
1784244821639 0.17281903326511383 1470
1784244821654 0.07844037562608719 1471
1784244821668 0.1198502704501152 1472
1784244821681 0.3032110333442688 1473
1784244821695 0.06972659379243851 1474
1784244821710 0.331205815076828 1475
1784244821722 0.17804202437400818 1476
1784244821735 0.06274211406707764 1477
1784244821753 0.0747791975736618 1478
1784244821771 0.05923941358923912 1479
1784244821785 0.37203362584114075 1480
1784244821801 0.08178796619176865 1481
1784244821815 0.5327740907669067 1482
1784244821828 0.17865976691246033 1483
1784244821844 0.21131528913974762 1484
1784244821858 0.13160015642642975 1485
1784244821872 0.1754208505153656 1486
1784244821887 0.04769659414887428 1487
1784244821906 0.20790623128414154 1488
1784244821920 0.39366501569747925 1489
1784244821934 0.19404281675815582 1490
1784244821949 0.1776908040046692 1491
1784244821965 0.3436216115951538 1492
1784244821989 0.17845727503299713 1493
1784244822012 0.10230235755443573 1494
1784244822037 0.28688135743141174 1495
1784244822064 0.30540746450424194 1496
1784244822088 0.5806915760040283 1497
1784244822106 0.14232571423053741 1498
1784244822149 0.17812488973140717 1499
1784244822170 0.22797361016273499 1500
1784244822185 0.2646034359931946 1501
1784244822201 0.10104348510503769 1502
1784244822216 0.23823337256908417 1503
1784244822230 0.08447708189487457 1504
1784244822243 0.08196145296096802 1505
1784244822261 0.28340277075767517 1506
1784244822278 0.18346883356571198 1507
1784244822298 0.06178447976708412 1508
1784244822318 0.17814958095550537 1509
1784244822337 0.10993822664022446 1510
1784244822353 0.36603301763534546 1511
1784244822371 0.17405691742897034 1512
1784244822388 0.07312653958797455 1513
1784244822404 0.0959915816783905 1514
1784244822422 0.08496269583702087 1515
1784244822439 0.22559645771980286 1516
1784244822459 0.14865407347679138 1517
1784244822476 0.7029554843902588 1518
1784244822493 0.2221813201904297 1519
1784244822510 0.22483626008033752 1520
1784244822524 0.1167050153017044 1521
1784244822542 0.3174826204776764 1522
1784244822557 0.08013482391834259 1523
1784244822573 0.17859838902950287 1524
1784244822587 0.1887887865304947 1525
1784244822603 0.2407912164926529 1526
1784244822620 0.345412939786911 1527
1784244822637 0.3985257148742676 1528
1784244822653 0.07988771796226501 1529
1784244822670 0.2731064558029175 1530
1784244822686 0.08218135684728622 1531
1784244822704 0.1417909413576126 1532
1784244822720 0.21778656542301178 1533
1784244822735 0.2712532877922058 1534
1784244822753 0.11164442449808121 1535
1784244822769 0.3377339839935303 1536
1784244822783 0.2844775915145874 1537
1784244822799 0.11502915620803833 1538
1784244822817 0.6679665446281433 1539
1784244822833 0.2443828135728836 1540
1784244822847 0.2792522609233856 1541
1784244822865 0.2526681125164032 1542
1784244822880 0.060051292181015015 1543
1784244822893 0.10360649228096008 1544
1784244822907 0.1457594484090805 1545
1784244822919 0.09635549783706665 1546
1784244822932 0.12881875038146973 1547
1784244822947 0.07012641429901123 1548
1784244822960 0.3504711389541626 1549
1784244822973 0.8816689252853394 1550
1784244822990 0.15469342470169067 1551
1784244823007 0.12743045389652252 1552
1784244823023 0.2936084568500519 1553
1784244823039 0.10060437768697739 1554
1784244823052 0.3552471399307251 1555
1784244823067 0.21952345967292786 1556
1784244823081 0.06454911828041077 1557
1784244823094 0.11894083768129349 1558
1784244823109 0.3740589916706085 1559
1784244823122 0.3685610890388489 1560
1784244823135 0.0673837810754776 1561
1784244823151 0.20741212368011475 1562
1784244823166 0.12500570714473724 1563
1784244823183 0.04570586606860161 1564
1784244823197 0.0944119244813919 1565
1784244823212 0.2822454571723938 1566
1784244823226 0.1302112340927124 1567
1784244823241 0.10394042730331421 1568
1784244823257 0.40311312675476074 1569
1784244823272 0.17549724876880646 1570
1784244823286 0.28384697437286377 1571
1784244823300 0.17745207250118256 1572
1784244823314 0.08093523979187012 1573
1784244823329 0.12332820892333984 1574
1784244823344 0.14168505370616913 1575
1784244823360 0.10774730890989304 1576
1784244823377 0.059578318148851395 1577
1784244823392 0.26009422540664673 1578
1784244823406 0.06600815057754517 1579
1784244823420 0.1327553242444992 1580
1784244823436 0.0313156321644783 1581
1784244823450 0.1888921707868576 1582
1784244823465 0.5659371018409729 1583
1784244823477 0.1650753915309906 1584
1784244823490 0.08268067240715027 1585
1784244823504 0.13167843222618103 1586
1784244823516 0.11629493534564972 1587
1784244823531 0.3786051273345947 1588
1784244823545 0.16268594563007355 1589
1784244823559 0.03581736609339714 1590
1784244823573 0.2412342131137848 1591
1784244823587 0.2809790074825287 1592
1784244823601 0.13286256790161133 1593
1784244823614 0.10242780297994614 1594
1784244823625 0.15899449586868286 1595
1784244823638 0.1891452819108963 1596
1784244823651 0.11127828806638718 1597
1784244823664 0.08922448009252548 1598
1784244823679 0.07503526657819748 1599
1784244823693 0.27804750204086304 1600
1784244823707 0.3592238426208496 1601
1784244823723 0.28251710534095764 1602
1784244823737 0.25313615798950195 1603
1784244823751 0.25103697180747986 1604
1784244823765 0.1264093965291977 1605
1784244823780 0.050948616117239 1606
1784244823793 0.41070669889450073 1607
1784244823808 0.19459401071071625 1608
1784244823823 0.24420329928398132 1609
1784244823837 0.1681327521800995 1610
1784244823851 0.20498186349868774 1611
1784244823865 0.0976734384894371 1612
1784244823878 0.13948406279087067 1613
1784244823892 0.1824863702058792 1614
1784244823906 0.23739010095596313 1615
1784244823919 0.1774158924818039 1616
1784244823933 0.16885417699813843 1617
1784244823948 0.06137511134147644 1618
1784244823961 0.16420122981071472 1619
1784244823974 0.1318485140800476 1620
1784244823987 0.34127527475357056 1621
1784244824001 0.13523001968860626 1622
1784244824015 0.09349674731492996 1623
1784244824032 0.0689447820186615 1624
1784244824049 0.324146032333374 1625
1784244824068 0.16266492009162903 1626
1784244824083 0.18665283918380737 1627
1784244824101 0.22529028356075287 1628
1784244824116 0.015584340319037437 1629
1784244824131 0.32320624589920044 1630
1784244824145 0.13258814811706543 1631
1784244824161 0.16740229725837708 1632
1784244824179 0.14183686673641205 1633
1784244824193 0.11029451340436935 1634
1784244824209 0.36286911368370056 1635
1784244824225 0.13673686981201172 1636
1784244824243 0.22381077706813812 1637
1784244824259 0.34810590744018555 1638
1784244824278 0.09578128904104233 1639
1784244824297 0.21493515372276306 1640
1784244824315 0.26686951518058777 1641
1784244824330 0.09951270371675491 1642
1784244824349 0.12520307302474976 1643
1784244824367 0.40922895073890686 1644
1784244824384 0.17549531161785126 1645
1784244824400 0.36204609274864197 1646
1784244824416 0.09568379074335098 1647
1784244824433 0.1245013028383255 1648
1784244824448 0.17483414709568024 1649
1784244824462 0.09681457281112671 1650
1784244824477 0.09024041891098022 1651
1784244824495 0.13104644417762756 1652
1784244824515 0.28087711334228516 1653
1784244824568 0.04629315808415413 1654
1784244824625 0.207861989736557 1655
1784244824644 0.09669395536184311 1656
1784244824673 0.21772903203964233 1657
1784244824691 0.31399431824684143 1658
1784244824705 0.21308691799640656 1659
1784244824722 0.2910969853401184 1660
1784244824737 0.1463608294725418 1661
1784244824750 0.21544227004051208 1662
1784244824765 0.13396534323692322 1663
1784244824778 0.10713008046150208 1664
1784244824793 0.3721558749675751 1665
1784244824809 0.13453343510627747 1666
1784244824821 0.05288856849074364 1667
1784244824834 0.06274844706058502 1668
1784244824847 0.17329668998718262 1669
1784244824860 0.3781539797782898 1670
1784244824876 0.178884357213974 1671
1784244824890 0.2718537151813507 1672
1784244824906 0.14197757840156555 1673
1784244824920 0.15821710228919983 1674
1784244824933 0.4311661124229431 1675
1784244824946 0.07923683524131775 1676
1784244824961 0.023364130407571793 1677
1784244824974 0.3518354594707489 1678
1784244824989 0.2087675929069519 1679
1784244825004 0.18086199462413788 1680
1784244825019 0.25695979595184326 1681
1784244825033 0.19979293644428253 1682
1784244825048 0.08904579281806946 1683
1784244825063 0.2761504650115967 1684
1784244825080 0.2570236623287201 1685
1784244825096 0.15684294700622559 1686
1784244825120 0.14942403137683868 1687
1784244825137 0.10029469430446625 1688
1784244825152 0.27197831869125366 1689
1784244825166 0.1774284690618515 1690
1784244825183 0.058012865483760834 1691
1784244825200 0.09230821579694748 1692
1784244825215 0.24010099470615387 1693
1784244825230 0.38045844435691833 1694
1784244825245 0.3849625289440155 1695
1784244825259 0.1826673299074173 1696
1784244825276 0.2469787299633026 1697
1784244825293 0.2569381594657898 1698
1784244825309 0.06831540167331696 1699
1784244825323 0.4291534423828125 1700
1784244825338 0.13121119141578674 1701
1784244825352 0.44878071546554565 1702
1784244825367 0.30159392952919006 1703
1784244825383 0.176799476146698 1704
1784244825400 0.3276337683200836 1705
1784244825417 0.26235219836235046 1706
1784244825432 0.106992207467556 1707
1784244825450 0.15496374666690826 1708
1784244825468 0.18639712035655975 1709
1784244825485 0.13089966773986816 1710
1784244825503 0.40051037073135376 1711
1784244825518 0.20720891654491425 1712
1784244825536 0.23331670463085175 1713
1784244825552 0.12140937894582748 1714
1784244825571 0.10031991451978683 1715
1784244825586 0.45688512921333313 1716
1784244825602 0.24152782559394836 1717
1784244825619 0.01894373446702957 1718
1784244825635 0.23913535475730896 1719
1784244825650 0.1612173169851303 1720
1784244825666 0.13462349772453308 1721
1784244825682 0.2614613473415375 1722
1784244825699 0.06909382343292236 1723
1784244825714 0.16501714289188385 1724
1784244825730 0.09429837763309479 1725
1784244825747 0.07955452799797058 1726
1784244825761 0.14782586693763733 1727
1784244825776 0.24856218695640564 1728
1784244825791 0.11699829995632172 1729
1784244825806 0.4333396553993225 1730
1784244825820 0.1520572453737259 1731
1784244825835 0.15306155383586884 1732
1784244825853 0.1470785140991211 1733
1784244825869 0.42136016488075256 1734
1784244825884 0.18256214261054993 1735
1784244825900 0.028294464573264122 1736
1784244825916 0.1173660159111023 1737
1784244825932 0.21518784761428833 1738
1784244825947 0.5256919860839844 1739
1784244825960 0.384202241897583 1740
1784244825976 0.0865011215209961 1741
1784244825989 0.16708986461162567 1742
1784244826005 0.4400443434715271 1743
1784244826020 0.2025575190782547 1744
1784244826036 0.11816077679395676 1745
1784244826051 0.26121485233306885 1746
1784244826067 0.1780572533607483 1747
1784244826083 0.02932959422469139 1748
1784244826097 0.46143481135368347 1749
1784244826112 0.04723822697997093 1750
1784244826129 0.0649796724319458 1751
1784244826145 0.13055384159088135 1752
1784244826158 0.07660219073295593 1753
1784244826173 0.06117453798651695 1754
1784244826188 0.12090719491243362 1755
1784244826203 0.22817806899547577 1756
1784244826218 0.15288247168064117 1757
1784244826233 0.18875183165073395 1758
1784244826247 0.05928969383239746 1759
1784244826263 0.2107286900281906 1760
1784244826275 0.29056477546691895 1761
1784244826289 0.18856187164783478 1762
1784244826303 0.2653927803039551 1763
1784244826317 0.13497593998908997 1764
1784244826333 0.34949469566345215 1765
1784244826347 0.5811580419540405 1766
1784244826360 0.8837565183639526 1767
1784244826374 0.17750833928585052 1768
1784244826387 0.33998680114746094 1769
1784244826402 0.17939496040344238 1770
1784244826416 0.25609254837036133 1771
1784244826432 0.3597590923309326 1772
1784244826452 0.1155451089143753 1773
1784244826470 0.1388036459684372 1774
1784244826487 0.2126591056585312 1775
1784244826504 0.2967335283756256 1776
1784244826519 0.23563861846923828 1777
1784244826534 0.27853867411613464 1778
1784244826548 0.03400751203298569 1779
1784244826562 0.17435497045516968 1780
1784244826574 0.19776242971420288 1781
1784244826588 0.23209774494171143 1782
1784244826602 0.19956526160240173 1783
1784244826616 0.10756068676710129 1784
1784244826630 0.2023768275976181 1785
1784244826642 0.3091806173324585 1786
1784244826656 0.091428242623806 1787
1784244826725 0.10150252282619476 1788
1784244826751 0.19423861801624298 1789
1784244826769 0.2268945723772049 1790
1784244826785 0.4018063545227051 1791
1784244826801 0.20219603180885315 1792
1784244826817 0.26962536573410034 1793
1784244826839 0.0825648158788681 1794
1784244826858 0.13620169460773468 1795
1784244826876 0.052608441561460495 1796
1784244826894 0.42408663034439087 1797
1784244826916 0.09360907971858978 1798
1784244826939 0.05084890127182007 1799
1784244826957 0.1676209270954132 1800
1784244826974 0.18800000846385956 1801
1784244826989 0.15596386790275574 1802
1784244827006 0.10233677923679352 1803
1784244827022 0.2680925726890564 1804
1784244827040 0.283722460269928 1805
1784244827055 0.0964352935552597 1806
1784244827067 0.054214056581258774 1807
1784244827081 0.24035488069057465 1808
1784244827095 0.22834183275699615 1809
1784244827109 0.8026210069656372 1810
1784244827123 0.07678461074829102 1811
1784244827140 0.0813203677535057 1812
1784244827153 0.041732728481292725 1813
1784244827166 0.23769812285900116 1814
1784244827180 0.05603470280766487 1815
1784244827196 0.14787867665290833 1816
1784244827211 0.08358483761548996 1817
1784244827226 0.07320976257324219 1818
1784244827243 0.1690535545349121 1819
1784244827258 0.43444645404815674 1820
1784244827274 0.0706615224480629 1821
1784244827290 0.1599389761686325 1822
1784244827307 0.1318034678697586 1823
1784244827322 0.059082262217998505 1824
1784244827337 0.20614048838615417 1825
1784244827351 0.08918141573667526 1826
1784244827364 0.06009519472718239 1827
1784244827380 0.16856902837753296 1828
1784244827395 0.12642444670200348 1829
1784244827410 0.25830164551734924 1830
1784244827425 0.11923187226057053 1831
1784244827440 0.19848714768886566 1832
1784244827456 0.10734498500823975 1833
1784244827470 0.12339769303798676 1834
1784244827487 0.2984178960323334 1835
1784244827502 0.25175198912620544 1836
1784244827519 0.07652562856674194 1837
1784244827535 0.1305769830942154 1838
1784244827551 0.07483992725610733 1839
1784244827565 0.06355230510234833 1840
1784244827579 0.0951962023973465 1841
1784244827594 0.07384490966796875 1842
1784244827608 0.1550958901643753 1843
1784244827621 0.17043901979923248 1844
1784244827634 0.17754167318344116 1845
1784244827649 0.15317438542842865 1846
1784244827664 0.41911426186561584 1847
1784244827678 0.16062641143798828 1848
1784244827696 0.09837206453084946 1849
1784244827710 0.1363709270954132 1850
1784244827725 0.11579621583223343 1851
1784244827740 0.06910021603107452 1852
1784244827755 0.2741362154483795 1853
1784244827767 0.05672452971339226 1854
1784244827783 0.1394331008195877 1855
1784244827800 0.2724762260913849 1856
1784244827819 0.17929208278656006 1857
1784244827837 0.211730495095253 1858
1784244827855 0.12978066504001617 1859
1784244827870 0.2165854126214981 1860
1784244827888 0.06441421061754227 1861
1784244827910 0.12967358529567719 1862
1784244827926 0.10733271390199661 1863
1784244827943 0.030651582404971123 1864
1784244827962 0.03091070055961609 1865
1784244827979 0.2814103066921234 1866
1784244828000 0.2045862078666687 1867
1784244828016 0.19576412439346313 1868
1784244828033 0.2062026411294937 1869
1784244828050 0.14786316454410553 1870
1784244828065 0.17447397112846375 1871
1784244828081 0.04121163859963417 1872
1784244828095 0.1218215823173523 1873
1784244828112 0.2377755492925644 1874
