1784400972092 4.852023124694824 0
1784400972103 4.851700782775879 1
1784400972111 4.851334095001221 2
1784400972119 4.851118564605713 3
1784400972129 4.850457191467285 4
1784400972138 4.850320339202881 5
1784400972148 4.848044395446777 6
1784400972158 4.846506118774414 7
1784400972167 4.846923828125 8
1784400972176 4.84835147857666 9
1784400972185 4.842151641845703 10
1784400972194 4.841679573059082 11
1784400972203 4.841116905212402 12
1784400972212 4.8327202796936035 13
1784400972220 4.841339588165283 14
1784400972228 4.824835300445557 15
1784400972238 4.828986167907715 16
1784400972247 4.823877334594727 17
1784400972259 4.826142311096191 18
1784400972270 4.812375545501709 19
1784400972281 4.821645736694336 20
1784400972292 4.810780048370361 21
1784400972302 4.808022499084473 22
1784400972313 4.804843425750732 23
1784400972323 4.785358428955078 24
1784400972334 4.773162841796875 25
1784400972344 4.7886738777160645 26
1784400972353 4.770413875579834 27
1784400972364 4.750778675079346 28
1784400972373 4.770242214202881 29
1784400972383 4.740323066711426 30
1784400972394 4.715958118438721 31
1784400972403 4.7587971687316895 32
1784400972415 4.711884021759033 33
1784400972426 4.7396111488342285 34
1784400972436 4.667134761810303 35
1784400972446 4.735116004943848 36
1784400972456 4.609100818634033 37
1784400972465 4.68278694152832 38
1784400972475 4.693523406982422 39
1784400972484 4.65385627746582 40
1784400972494 4.584888935089111 41
1784400972503 4.616727352142334 42
1784400972513 4.654792308807373 43
1784400972521 4.610099792480469 44
1784400972532 4.594454288482666 45
1784400972542 4.627979278564453 46
1784400972551 4.540699005126953 47
1784400972561 4.490720748901367 48
1784400972569 4.524621486663818 49
1784400972580 4.511163711547852 50
1784400972589 4.555033206939697 51
1784400972598 4.46837043762207 52
1784400972607 4.563543796539307 53
1784400972617 4.491432189941406 54
1784400972627 4.520651340484619 55
1784400972636 4.518267631530762 56
1784400972646 4.502254962921143 57
1784400972655 4.376462459564209 58
1784400972665 4.4047651290893555 59
1784400972676 4.491548538208008 60
1784400972685 4.458436489105225 61
1784400972694 4.42916202545166 62
1784400972703 4.438281536102295 63
1784400972713 4.290195941925049 64
1784400972722 4.329446792602539 65
1784400972730 4.258868217468262 66
1784400972739 4.363980293273926 67
1784400972749 4.291428565979004 68
1784400972760 4.254955291748047 69
1784400972770 4.351226329803467 70
1784400972779 4.308927536010742 71
1784400972790 4.255889892578125 72
1784400972800 4.240303039550781 73
1784400972811 4.249045372009277 74
1784400972821 4.302346706390381 75
1784400972833 4.210253715515137 76
1784400972842 4.249728202819824 77
1784400972851 4.320701599121094 78
1784400972861 4.340278148651123 79
1784400972870 4.206184387207031 80
1784400972879 4.3199334144592285 81
1784400972889 4.267652988433838 82
1784400972898 4.152334690093994 83
1784400972907 4.290656566619873 84
1784400972916 4.089334011077881 85
1784400972925 4.0965447425842285 86
1784400972934 3.9148921966552734 87
1784400972943 4.164112091064453 88
1784400972956 4.149198055267334 89
1784400972965 4.047093868255615 90
1784400972973 4.203474044799805 91
1784400972982 4.250405788421631 92
1784400972990 3.9897851943969727 93
1784400972999 4.09747314453125 94
1784400973008 4.048957824707031 95
1784400973017 4.211137294769287 96
1784400973027 4.117663860321045 97
1784400973036 3.9828031063079834 98
1784400973047 3.9862236976623535 99
1784400973056 4.096866130828857 100
1784400973065 4.243815898895264 101
1784400973074 4.144689559936523 102
1784400973083 4.140902519226074 103
1784400973092 4.041814804077148 104
1784400973103 3.994478940963745 105
1784400973113 3.8804757595062256 106
1784400973122 4.02231502532959 107
1784400973131 4.006722450256348 108
1784400973139 4.128511428833008 109
1784400973148 4.073686599731445 110
1784400973156 4.012933254241943 111
1784400973165 4.078283786773682 112
1784400973174 3.9325170516967773 113
1784400973184 3.9355220794677734 114
1784400973194 4.088753700256348 115
1784400973202 3.8731298446655273 116
1784400973212 4.113377094268799 117
1784400973222 3.9579544067382812 118
1784400973232 3.898508310317993 119
1784400973242 3.9772207736968994 120
1784400973251 3.8837950229644775 121
1784400973260 3.802687168121338 122
1784400973269 3.8055388927459717 123
1784400973645 3.816512107849121 124
1784400973656 3.761211395263672 125
1784400973667 3.9038002490997314 126
1784400973679 4.054676055908203 127
1784400973689 3.818596839904785 128
1784400973698 4.00332498550415 129
1784400973709 3.8475887775421143 130
1784400973718 3.8152475357055664 131
1784400973728 3.7605295181274414 132
1784400973738 3.730823516845703 133
1784400973746 3.8253324031829834 134
1784400973757 3.864405393600464 135
1784400973766 3.9152567386627197 136
1784400973775 3.7550086975097656 137
1784400973784 3.924962282180786 138
1784400973792 3.8065009117126465 139
1784400973801 3.739205837249756 140
1784400973810 3.8429343700408936 141
1784400973819 3.9257545471191406 142
1784400973829 3.72873592376709 143
1784400973838 3.789621114730835 144
1784400973847 3.7716782093048096 145
1784400973857 3.878035068511963 146
1784400973866 3.9226739406585693 147
1784400973876 3.8853816986083984 148
1784400973883 3.828012228012085 149
1784400973892 3.6593399047851562 150
1784400973900 3.697871208190918 151
1784400973908 3.766930103302002 152
1784400973916 3.8317978382110596 153
1784400973927 3.6470463275909424 154
1784400973937 3.7076001167297363 155
1784400973947 3.634239912033081 156
1784400973957 3.685933828353882 157
1784400973967 3.5942461490631104 158
1784400973975 3.680670738220215 159
1784400973983 4.0083465576171875 160
1784400973994 3.7155354022979736 161
1784400974005 3.5763068199157715 162
1784400974015 3.5359997749328613 163
1784400974031 3.684905767440796 164
1784400974041 3.56697154045105 165
1784400974050 3.8084006309509277 166
1784400974059 3.5745797157287598 167
1784400974067 3.554553270339966 168
1784400974078 3.7517848014831543 169
1784400974088 3.5407347679138184 170
1784400974098 3.488198757171631 171
1784400974111 3.6807150840759277 172
1784400974123 3.648672580718994 173
1784400974132 3.8270716667175293 174
1784400974141 3.6969237327575684 175
1784400974149 3.6291069984436035 176
1784400974160 3.7427845001220703 177
1784400974169 3.678234577178955 178
1784400974179 3.621598482131958 179
1784400974188 3.9088239669799805 180
1784400974198 3.5928077697753906 181
1784400974207 3.722745656967163 182
1784400974215 3.526019334793091 183
1784400974224 3.552278995513916 184
1784400974233 3.69016170501709 185
1784400974242 3.5827507972717285 186
1784400974251 3.6983652114868164 187
1784400974260 3.592907667160034 188
1784400974268 3.673546075820923 189
1784400974277 3.809459686279297 190
1784400974285 3.469865083694458 191
1784400974294 3.445305824279785 192
1784400974302 3.5996057987213135 193
1784400974311 3.5050830841064453 194
1784400974320 3.811933755874634 195
1784400974329 3.3549859523773193 196
1784400974338 3.6727163791656494 197
1784400974347 3.5579171180725098 198
1784400974357 3.4561047554016113 199
1784400974366 3.5637996196746826 200
1784400974376 3.4675278663635254 201
1784400974384 3.5094361305236816 202
1784400974394 3.5989480018615723 203
1784400974403 3.401611804962158 204
1784400974412 3.550255298614502 205
1784400974421 3.4551002979278564 206
1784400974430 3.6508610248565674 207
1784400974440 3.349489450454712 208
1784400974449 3.415374279022217 209
1784400974460 3.439591884613037 210
1784400974468 3.4491260051727295 211
1784400974477 3.547567367553711 212
1784400974485 3.551443576812744 213
1784400974495 3.417335271835327 214
1784400974505 3.642648696899414 215
1784400974514 3.5994420051574707 216
1784400974525 3.509526252746582 217
1784400974535 3.400118350982666 218
1784400974544 3.4457314014434814 219
1784400974554 3.4782047271728516 220
1784400974563 3.3598179817199707 221
1784400974572 3.459059715270996 222
1784400974581 3.4559946060180664 223
1784400974591 3.277127504348755 224
1784400974600 3.5287697315216064 225
1784400974610 3.328361749649048 226
1784400974619 3.408134698867798 227
1784400974629 3.1860947608947754 228
1784400974638 3.372541904449463 229
1784400974647 3.3683979511260986 230
1784400974658 3.470839023590088 231
1784400974667 3.3245208263397217 232
1784400974676 3.454939603805542 233
1784400974685 3.509714365005493 234
1784400974695 3.2551329135894775 235
1784400974704 3.570429801940918 236
1784400974713 3.5558226108551025 237
1784400974722 3.476332902908325 238
1784400974731 3.5688095092773438 239
1784400974739 3.58123517036438 240
1784400974749 3.431950569152832 241
1784400974762 3.478893995285034 242
1784400974771 3.4199135303497314 243
1784400974780 3.4596810340881348 244
1784400974788 3.3854076862335205 245
1784400974797 3.4025468826293945 246
1784400974806 3.2417612075805664 247
1784400975186 3.4210116863250732 248
1784400975195 3.410870313644409 249
1784400975203 3.4812989234924316 250
1784400975212 3.2555737495422363 251
1784400975224 3.4272801876068115 252
1784400975233 3.4364588260650635 253
1784400975243 3.418881416320801 254
1784400975252 3.2983269691467285 255
1784400975262 3.4560203552246094 256
1784400975271 3.555020809173584 257
1784400975280 3.2959794998168945 258
1784400975289 3.1776254177093506 259
1784400975299 3.4864907264709473 260
1784400975309 3.297464370727539 261
1784400975318 3.341587543487549 262
1784400975328 3.3175175189971924 263
1784400975336 3.413360595703125 264
1784400975345 3.2786073684692383 265
1784400975353 3.3574893474578857 266
1784400975362 3.345879077911377 267
1784400975370 3.3986096382141113 268
1784400975380 3.4626498222351074 269
1784400975390 3.248199462890625 270
1784400975399 3.344897985458374 271
1784400975409 3.3135011196136475 272
1784400975418 3.3688011169433594 273
1784400975427 3.3696937561035156 274
1784400975436 3.388615608215332 275
1784400975445 3.2955269813537598 276
1784400975455 3.6180152893066406 277
1784400975465 3.422545909881592 278
1784400975474 2.992328643798828 279
1784400975482 3.215581178665161 280
1784400975491 3.5117733478546143 281
1784400975501 3.5784459114074707 282
1784400975511 3.1019537448883057 283
1784400975521 3.1327953338623047 284
1784400975529 3.5604405403137207 285
1784400975537 3.345625638961792 286
1784400975546 3.333845376968384 287
1784400975554 3.3560853004455566 288
1784400975563 3.394778251647949 289
1784400975572 3.2329659461975098 290
1784400975583 3.418978452682495 291
1784400975592 3.406179428100586 292
1784400975602 3.374161720275879 293
1784400975613 3.2336647510528564 294
1784400975624 3.3813071250915527 295
1784400975632 3.1827073097229004 296
1784400975641 3.450207233428955 297
1784400975650 3.336613178253174 298
1784400975659 3.182680606842041 299
1784400975670 3.430086851119995 300
1784400975679 3.293454647064209 301
1784400975690 3.2017366886138916 302
1784400975699 3.339517116546631 303
1784400975716 3.3408803939819336 304
1784400975728 3.0366649627685547 305
1784400975739 3.3518002033233643 306
1784400975750 3.360126256942749 307
1784400975760 3.3190529346466064 308
1784400975769 3.452385663986206 309
1784400975781 3.262059450149536 310
1784400975794 3.0130250453948975 311
1784400975807 3.071434497833252 312
1784400975819 3.4668190479278564 313
1784400975831 3.1845011711120605 314
1784400975841 3.270709753036499 315
1784400975850 3.1389260292053223 316
1784400975860 3.050593614578247 317
1784400975869 3.3908486366271973 318
1784400975881 3.1928892135620117 319
1784400975892 3.281930685043335 320
1784400975902 3.2719061374664307 321
1784400975914 3.2608988285064697 322
1784400975925 3.351142406463623 323
1784400975935 3.333513021469116 324
1784400975947 3.196943998336792 325
1784400975958 3.217194080352783 326
1784400975968 3.247267246246338 327
1784400975978 3.4102001190185547 328
1784400975987 3.1468796730041504 329
1784400975997 3.2474722862243652 330
1784400976007 3.3231310844421387 331
1784400976017 3.1655728816986084 332
1784400976027 3.0368895530700684 333
1784400976038 3.0981926918029785 334
1784400976052 3.231489419937134 335
1784400976065 3.322002649307251 336
1784400976076 3.208728790283203 337
1784400976085 3.040300130844116 338
1784400976094 3.3479247093200684 339
1784400976103 3.0350029468536377 340
1784400976112 3.3201236724853516 341
1784400976124 3.3964803218841553 342
1784400976133 3.3639533519744873 343
1784400976143 3.2796666622161865 344
1784400976153 3.3110861778259277 345
1784400976163 3.24000883102417 346
1784400976172 3.2623953819274902 347
1784400976182 3.1533126831054688 348
1784400976192 3.4600632190704346 349
1784400976201 3.153337240219116 350
1784400976213 3.1154935359954834 351
1784400976223 3.302135467529297 352
1784400976233 3.124762773513794 353
1784400976243 3.2929365634918213 354
1784400976252 3.318115472793579 355
1784400976262 3.306025266647339 356
1784400976271 3.1611878871917725 357
1784400976280 3.304780960083008 358
1784400976290 3.186788320541382 359
1784400976300 3.317375421524048 360
1784400976310 3.163816452026367 361
1784400976320 3.214315891265869 362
1784400976329 3.3390471935272217 363
1784400976339 3.2816689014434814 364
1784400976349 3.1846659183502197 365
1784400976359 3.20820951461792 366
1784400976368 3.1459927558898926 367
1784400976377 3.3518872261047363 368
1784400976386 3.1915719509124756 369
1784400976395 3.1619062423706055 370
1784400976405 3.365945339202881 371
