1784400891426 4.852023124694824 0
1784400891436 4.851700782775879 1
1784400891446 4.851334095001221 2
1784400891454 4.851118564605713 3
1784400891463 4.850457191467285 4
1784400891472 4.850320339202881 5
1784400891481 4.848044395446777 6
1784400891490 4.846506118774414 7
1784400891498 4.846923828125 8
1784400891507 4.84835147857666 9
1784400891515 4.842151641845703 10
1784400891524 4.841679573059082 11
1784400891533 4.841116905212402 12
1784400891542 4.8327202796936035 13
1784400891552 4.841339588165283 14
1784400891561 4.824835300445557 15
1784400891573 4.828986167907715 16
1784400891584 4.823877334594727 17
1784400891594 4.826142311096191 18
1784400891602 4.812375545501709 19
1784400891613 4.821645736694336 20
1784400891622 4.810780048370361 21
1784400891631 4.808022499084473 22
1784400891639 4.804843425750732 23
1784400891648 4.785358428955078 24
1784400891657 4.773162841796875 25
1784400891665 4.7886738777160645 26
1784400891676 4.770413875579834 27
1784400891686 4.750778675079346 28
1784400891695 4.770242214202881 29
1784400891706 4.740323066711426 30
1784400891714 4.715958118438721 31
1784400891724 4.7587971687316895 32
1784400891734 4.711884021759033 33
1784400891745 4.7396111488342285 34
1784400891754 4.667134761810303 35
1784400891763 4.735116004943848 36
1784400891772 4.609100818634033 37
1784400891781 4.68278694152832 38
1784400891789 4.693523406982422 39
1784400891799 4.65385627746582 40
1784400891809 4.584888935089111 41
1784400891818 4.616727352142334 42
1784400891827 4.654792308807373 43
1784400891837 4.610099792480469 44
1784400891846 4.594454288482666 45
1784400891856 4.627979278564453 46
1784400891866 4.540699005126953 47
1784400891875 4.490720748901367 48
1784400891883 4.524621486663818 49
1784400891893 4.511163711547852 50
1784400891902 4.555033206939697 51
1784400891910 4.46837043762207 52
1784400891919 4.563543796539307 53
1784400891928 4.491432189941406 54
1784400891937 4.520651340484619 55
1784400891945 4.518267631530762 56
1784400891955 4.502254962921143 57
1784400891963 4.376462459564209 58
1784400891973 4.4047651290893555 59
1784400891983 4.491548538208008 60
1784400891994 4.458436489105225 61
1784400892004 4.42916202545166 62
1784400892014 4.438281536102295 63
1784400892023 4.290195941925049 64
1784400892034 4.329446792602539 65
1784400892043 4.258868217468262 66
1784400892053 4.363980293273926 67
1784400892063 4.291428565979004 68
1784400892072 4.254955291748047 69
1784400892080 4.351226329803467 70
1784400892089 4.308927536010742 71
1784400892097 4.255889892578125 72
1784400892106 4.240303039550781 73
1784400892115 4.249045372009277 74
1784400892126 4.302346706390381 75
1784400892136 4.210253715515137 76
1784400892145 4.249728202819824 77
1784400892155 4.320701599121094 78
1784400892165 4.340278148651123 79
1784400892175 4.206184387207031 80
1784400892184 4.3199334144592285 81
1784400892193 4.267652988433838 82
1784400892201 4.152334690093994 83
1784400892210 4.290656566619873 84
1784400892219 4.089334011077881 85
1784400892229 4.0965447425842285 86
1784400892237 3.9148921966552734 87
1784400892246 4.164112091064453 88
1784400892255 4.149198055267334 89
1784400892264 4.047093868255615 90
1784400892274 4.203474044799805 91
1784400892283 4.250405788421631 92
1784400892295 3.9897851943969727 93
1784400892304 4.09747314453125 94
1784400892312 4.048957824707031 95
1784400892320 4.211137294769287 96
1784400892328 4.117663860321045 97
1784400892337 3.9828031063079834 98
1784400892346 3.9862236976623535 99
1784400892354 4.096866130828857 100
1784400892363 4.243815898895264 101
1784400892372 4.144689559936523 102
1784400892381 4.140902519226074 103
1784400892392 4.041814804077148 104
1784400892401 3.994478940963745 105
1784400892410 3.8804757595062256 106
1784400892420 4.02231502532959 107
1784400892429 4.006722450256348 108
1784400892437 4.128511428833008 109
1784400892446 4.073686599731445 110
1784400892455 4.012933254241943 111
1784400892463 4.078283786773682 112
1784400892470 3.9325170516967773 113
1784400892478 3.9355220794677734 114
1784400892486 4.088753700256348 115
1784400892494 3.8731298446655273 116
1784400892503 4.113377094268799 117
1784400892513 3.9579544067382812 118
1784400892523 3.898508310317993 119
1784400892533 3.9772207736968994 120
1784400892542 3.8837950229644775 121
1784400892550 3.802687168121338 122
1784400892559 3.8055388927459717 123
1784400892958 3.816512107849121 124
1784400892967 3.761211395263672 125
1784400892975 3.9038002490997314 126
1784400892984 4.054676055908203 127
1784400892994 3.818596839904785 128
1784400893003 4.00332498550415 129
1784400893012 3.8475887775421143 130
1784400893021 3.8152475357055664 131
1784400893030 3.7605295181274414 132
1784400893040 3.730823516845703 133
1784400893048 3.8253324031829834 134
1784400893057 3.864405393600464 135
1784400893066 3.9152567386627197 136
1784400893076 3.7550086975097656 137
1784400893084 3.924962282180786 138
1784400893093 3.8065009117126465 139
1784400893104 3.739205837249756 140
1784400893114 3.8429343700408936 141
1784400893124 3.9257545471191406 142
1784400893133 3.72873592376709 143
1784400893141 3.789621114730835 144
1784400893150 3.7716782093048096 145
1784400893159 3.878035068511963 146
1784400893168 3.9226739406585693 147
1784400893177 3.8853816986083984 148
1784400893185 3.828012228012085 149
1784400893192 3.6593399047851562 150
1784400893201 3.697871208190918 151
1784400893210 3.766930103302002 152
1784400893219 3.8317978382110596 153
1784400893228 3.6470463275909424 154
1784400893237 3.7076001167297363 155
1784400893248 3.634239912033081 156
1784400893258 3.685933828353882 157
1784400893266 3.5942461490631104 158
1784400893276 3.680670738220215 159
1784400893284 4.0083465576171875 160
1784400893293 3.7155354022979736 161
1784400893301 3.5763068199157715 162
1784400893309 3.5359997749328613 163
1784400893317 3.684905767440796 164
1784400893327 3.56697154045105 165
1784400893334 3.8084006309509277 166
1784400893343 3.5745797157287598 167
1784400893360 3.554553270339966 168
1784400893369 3.7517848014831543 169
1784400893377 3.5407347679138184 170
1784400893384 3.488198757171631 171
1784400893393 3.6807150840759277 172
1784400893402 3.648672580718994 173
1784400893411 3.8270716667175293 174
1784400893420 3.6969237327575684 175
1784400893430 3.6291069984436035 176
1784400893442 3.7427845001220703 177
1784400893450 3.678234577178955 178
1784400893459 3.621598482131958 179
1784400893468 3.9088239669799805 180
1784400893478 3.5928077697753906 181
1784400893487 3.722745656967163 182
1784400893496 3.526019334793091 183
1784400893505 3.552278995513916 184
1784400893514 3.69016170501709 185
1784400893524 3.5827507972717285 186
1784400893533 3.6983652114868164 187
1784400893543 3.592907667160034 188
1784400893551 3.673546075820923 189
1784400893561 3.809459686279297 190
1784400893569 3.469865083694458 191
1784400893577 3.445305824279785 192
1784400893585 3.5996057987213135 193
1784400893594 3.5050830841064453 194
1784400893602 3.811933755874634 195
1784400893612 3.3549859523773193 196
1784400893620 3.6727163791656494 197
1784400893628 3.5579171180725098 198
1784400893637 3.4561047554016113 199
1784400893646 3.5637996196746826 200
1784400893655 3.4675278663635254 201
1784400893665 3.5094361305236816 202
1784400893673 3.5989480018615723 203
1784400893682 3.401611804962158 204
1784400893691 3.550255298614502 205
1784400893700 3.4551002979278564 206
1784400893711 3.6508610248565674 207
1784400893722 3.349489450454712 208
1784400893731 3.415374279022217 209
1784400893740 3.439591884613037 210
1784400893748 3.4491260051727295 211
1784400893756 3.547567367553711 212
1784400893764 3.551443576812744 213
1784400893772 3.417335271835327 214
1784400893781 3.642648696899414 215
1784400893789 3.5994420051574707 216
1784400893797 3.509526252746582 217
1784400893805 3.400118350982666 218
1784400893814 3.4457314014434814 219
1784400893823 3.4782047271728516 220
1784400893833 3.3598179817199707 221
1784400893842 3.459059715270996 222
1784400893859 3.4559946060180664 223
1784400893867 3.277127504348755 224
1784400893878 3.5287697315216064 225
1784400893886 3.328361749649048 226
1784400893895 3.408134698867798 227
1784400893904 3.1860947608947754 228
1784400893913 3.372541904449463 229
1784400893921 3.3683979511260986 230
1784400893930 3.470839023590088 231
1784400893941 3.3245208263397217 232
1784400893949 3.454939603805542 233
1784400893959 3.509714365005493 234
1784400893968 3.2551329135894775 235
1784400893977 3.570429801940918 236
1784400893985 3.5558226108551025 237
1784400893994 3.476332902908325 238
1784400894003 3.5688095092773438 239
1784400894010 3.58123517036438 240
1784400894018 3.431950569152832 241
1784400894027 3.478893995285034 242
1784400894036 3.4199135303497314 243
1784400894045 3.4596810340881348 244
1784400894054 3.3854076862335205 245
1784400894062 3.4025468826293945 246
1784400894070 3.2417612075805664 247
1784400894445 3.4210116863250732 248
1784400894455 3.410870313644409 249
1784400894464 3.4812989234924316 250
1784400894472 3.2555737495422363 251
1784400894482 3.4272801876068115 252
1784400894491 3.4364588260650635 253
1784400894501 3.418881416320801 254
1784400894511 3.2983269691467285 255
1784400894519 3.4560203552246094 256
1784400894528 3.555020809173584 257
1784400894537 3.2959794998168945 258
1784400894547 3.1776254177093506 259
1784400894555 3.4864907264709473 260
1784400894565 3.297464370727539 261
1784400894576 3.341587543487549 262
1784400894584 3.3175175189971924 263
1784400894594 3.413360595703125 264
1784400894604 3.2786073684692383 265
1784400894613 3.3574893474578857 266
1784400894622 3.345879077911377 267
1784400894630 3.3986096382141113 268
1784400894639 3.4626498222351074 269
1784400894649 3.248199462890625 270
1784400894658 3.344897985458374 271
1784400894668 3.3135011196136475 272
1784400894678 3.3688011169433594 273
1784400894686 3.3696937561035156 274
1784400894695 3.388615608215332 275
1784400894704 3.2955269813537598 276
1784400894713 3.6180152893066406 277
1784400894722 3.422545909881592 278
1784400894731 2.992328643798828 279
1784400894740 3.215581178665161 280
1784400894750 3.5117733478546143 281
1784400894759 3.5784459114074707 282
1784400894767 3.1019537448883057 283
1784400894776 3.1327953338623047 284
1784400894785 3.5604405403137207 285
1784400894794 3.345625638961792 286
1784400894803 3.333845376968384 287
1784400894812 3.3560853004455566 288
1784400894820 3.394778251647949 289
1784400894828 3.2329659461975098 290
1784400894836 3.418978452682495 291
1784400894847 3.406179428100586 292
1784400894856 3.374161720275879 293
1784400894865 3.2336647510528564 294
1784400894875 3.3813071250915527 295
1784400894883 3.1827073097229004 296
1784400894892 3.450207233428955 297
1784400894902 3.336613178253174 298
1784400894912 3.182680606842041 299
1784400894920 3.430086851119995 300
1784400894930 3.293454647064209 301
1784400894939 3.2017366886138916 302
1784400894948 3.339517116546631 303
1784400894956 3.3408803939819336 304
1784400894965 3.0366649627685547 305
1784400894974 3.3518002033233643 306
1784400894983 3.360126256942749 307
1784400894992 3.3190529346466064 308
1784400895000 3.452385663986206 309
1784400895009 3.262059450149536 310
1784400895018 3.0130250453948975 311
1784400895027 3.071434497833252 312
1784400895036 3.4668190479278564 313
1784400895045 3.1845011711120605 314
1784400895054 3.270709753036499 315
1784400895062 3.1389260292053223 316
1784400895070 3.050593614578247 317
1784400895079 3.3908486366271973 318
1784400895087 3.1928892135620117 319
1784400895096 3.281930685043335 320
1784400895105 3.2719061374664307 321
1784400895114 3.2608988285064697 322
1784400895122 3.351142406463623 323
1784400895131 3.333513021469116 324
1784400895140 3.196943998336792 325
1784400895149 3.217194080352783 326
1784400895159 3.247267246246338 327
1784400895168 3.4102001190185547 328
1784400895178 3.1468796730041504 329
1784400895190 3.2474722862243652 330
1784400895199 3.3231310844421387 331
1784400895207 3.1655728816986084 332
1784400895215 3.0368895530700684 333
1784400895223 3.0981926918029785 334
1784400895232 3.231489419937134 335
1784400895242 3.322002649307251 336
1784400895251 3.208728790283203 337
1784400895260 3.040300130844116 338
1784400895270 3.3479247093200684 339
1784400895280 3.0350029468536377 340
1784400895289 3.3201236724853516 341
1784400895298 3.3964803218841553 342
1784400895307 3.3639533519744873 343
1784400895316 3.2796666622161865 344
1784400895324 3.3110861778259277 345
1784400895332 3.24000883102417 346
1784400895341 3.2623953819274902 347
1784400895350 3.1533126831054688 348
1784400895359 3.4600632190704346 349
1784400895369 3.153337240219116 350
1784400895377 3.1154935359954834 351
1784400895385 3.302135467529297 352
1784400895394 3.124762773513794 353
1784400895402 3.2929365634918213 354
1784400895411 3.318115472793579 355
1784400895419 3.306025266647339 356
1784400895429 3.1611878871917725 357
1784400895438 3.304780960083008 358
1784400895448 3.186788320541382 359
1784400895457 3.317375421524048 360
1784400895466 3.163816452026367 361
1784400895474 3.214315891265869 362
1784400895483 3.3390471935272217 363
1784400895491 3.2816689014434814 364
1784400895499 3.1846659183502197 365
1784400895508 3.20820951461792 366
1784400895517 3.1459927558898926 367
1784400895527 3.3518872261047363 368
1784400895535 3.1915719509124756 369
1784400895544 3.1619062423706055 370
1784400895551 3.365945339202881 371
